1 10 159
2 10 152
3 12 145
4 16 140
5 8 140
6 2 140
7 4 146
8 3 152
9 3 158
10 4 164
11 3 171
12 3 178
13 5 184
14 3 191
15 4 198
16 4 205
17 3 213
18 10 209
19 12 201
20 10 192
21 15 186
22 17 193
23 25 192
24 24 185
25 20 179
26 11 178
27 16 172
28 10 169
29 16 164
30 18 157
31 24 151
32 17 149
33 22 145
34 24 140
35 31 140
36 30 146
37 32 153
38 37 157
39 43 159
40 50 157
41 52 151
42 50 145
43 44 151
44 37 148
45 38 140
46 43 145
47 47 140
48 55 140
49 58 147
50 64 150
51 62 141
52 68 141
53 71 148
54 75 140
55 84 140
56 88 145
57 94 140
58 93 149
59 99 147
60 106 147
61 104 140
62 112 140
63 120 141
64 127 140
65 128 145
66 128 151
67 124 156
68 123 163
69 120 149
70 113 146
71 111 152
72 117 156
73 115 162
74 111 167
75 118 169
76 125 171
77 132 173
78 128 179
79 120 178
80 112 175
81 106 172
82 104 177
83 107 183
84 114 183
85 120 187
86 127 187
87 135 185
88 137 177
89 142 182
90 149 183
91 140 191
92 148 191
93 155 188
94 157 194
95 152 199
96 144 198
97 136 199
98 132 193
99 124 195
100 128 202
101 125 209
102 119 205
103 116 196
104 111 190
105 106 198
106 111 203
107 98 202
108 91 199
109 89 206
110 84 201
111 84 194
112 77 196
113 77 190
114 81 187
115 87 187
116 92 191
117 98 194
118 103 190
119 98 184
120 97 176
121 92 178
122 92 184
123 85 180
124 86 173
125 81 169
126 79 175
127 77 181
128 72 177
129 64 178
130 68 182
131 72 187
132 64 188
133 58 184
134 56 177
135 51 172
136 56 167
137 61 171
138 68 171
139 74 169
140 77 162
141 82 158
142 86 165
143 92 164
144 92 170
145 99 169
146 104 165
147 99 161
148 108 159
149 103 154
150 96 155
151 89 157
152 85 151
153 79 146
154 77 153
155 71 156
156 70 163
157 63 164
158 64 158
159 58 155
160 56 161
161 49 164
162 44 169
163 38 165
164 31 161
165 26 158
166 24 164
167 24 172
168 31 169
169 37 174
170 30 178
171 33 187
172 34 194
173 29 199
174 35 203
175 42 197
176 43 189
177 39 182
178 44 177
179 49 182
180 52 188
181 51 195
182 59 194
183 69 194
184 65 200
185 60 202
186 64 207
187 57 211
188 51 218
189 52 226
190 45 226
191 43 220
192 45 213
193 50 208
194 54 202
195 48 201
196 43 205
197 38 210
198 36 217
199 30 211
200 25 206
201 21 200
202 17 207
203 23 214
204 16 217
205 9 216
206 10 223
207 3 221
208 3 227
209 3 234
210 3 241
211 2 248
212 10 246
213 7 252
214 2 256
215 3 264
216 3 270
217 3 277
218 4 283
219 3 290
220 3 296
221 3 302
222 2 309
223 9 310
224 16 310
225 24 308
226 27 316
227 24 322
228 19 316
229 16 323
230 11 318
231 3 316
232 3 323
233 9 326
234 2 331
235 7 336
236 2 340
237 7 345
238 2 350
239 2 358
240 3 365
241 2 371
242 3 377
243 3 384
244 3 391
245 3 399
246 2 409
247 10 413
248 18 414
249 25 411
250 32 408
251 31 416
252 23 421
253 23 429
254 15 429
255 13 422
256 3 419
257 4 427
258 3 435
259 3 443
260 4 451
261 12 445
262 11 436
263 19 438
264 28 435
265 35 432
266 30 426
267 37 423
268 41 417
269 40 411
270 39 404
271 34 399
272 42 397
273 37 391
274 28 394
275 20 396
276 25 402
277 17 406
278 9 405
279 13 399
280 11 392
281 11 384
282 11 377
283 17 379
284 23 379
285 17 387
286 24 387
287 31 387
288 36 382
289 40 377
290 35 373
291 30 379
292 27 373
293 22 371
294 16 372
295 8 371
296 11 366
297 13 359
298 8 361
299 6 355
300 10 351
301 14 347
302 19 344
303 24 342
304 31 341
305 32 347
306 32 353
307 31 360
308 26 356
309 26 349
310 21 351
311 16 354
312 20 359
313 18 365
314 25 364
315 30 367
316 36 365
317 41 369
318 46 372
319 47 378
320 42 384
321 45 390
322 50 394
323 50 400
324 46 405
325 49 410
326 50 418
327 57 413
328 56 405
329 63 409
330 70 407
331 77 408
332 84 408
333 83 401
334 80 394
335 85 387
336 76 386
337 73 392
338 74 400
339 67 395
340 64 401
341 58 397
342 61 390
343 54 389
344 50 384
345 53 377
346 57 382
347 64 383
348 68 387
349 71 379
350 79 380
351 88 380
352 95 382
353 94 389
354 88 394
355 94 397
356 91 405
357 99 403
358 107 401
359 109 392
360 101 394
361 102 387
362 109 384
363 117 386
364 119 392
365 115 397
366 123 399
367 126 392
368 125 385
369 123 379
370 130 379
371 134 385
372 133 390
373 131 397
374 130 404
375 135 408
376 137 401
377 139 394
378 141 386
379 149 387
380 147 393
381 144 400
382 142 407
383 147 411
384 154 413
385 159 418
386 159 425
387 152 421
388 146 418
389 142 423
390 146 428
391 150 434
392 153 429
393 158 434
394 159 443
395 158 450
396 151 447
397 153 440
398 146 441
399 142 445
400 135 447
401 131 453
402 126 448
403 130 441
404 129 434
405 127 427
406 136 438
407 142 434
408 136 430
409 135 423
410 131 419
411 138 415
412 129 412
413 123 419
414 121 412
415 123 406
416 116 405
417 111 410
418 104 408
419 98 412
420 105 417
421 102 425
422 110 423
423 115 417
424 118 426
425 121 433
426 122 440
427 119 449
428 123 455
429 127 462
430 130 469
431 125 473
432 122 469
433 115 470
434 119 462
435 114 456
436 111 463
437 105 457
438 101 451
439 94 452
440 87 452
441 80 452
442 83 461
443 90 461
444 97 459
445 88 469
446 95 468
447 103 466
448 107 472
449 100 475
450 93 477
451 85 478
452 81 471
453 77 465
454 75 458
455 70 463
456 67 457
457 61 458
458 57 453
459 57 447
460 53 459
461 46 464
462 47 458
463 50 453
464 50 447
465 48 441
466 55 440
467 63 435
468 62 442
469 64 450
470 68 445
471 72 451
472 76 444
473 79 437
474 71 438
475 68 431
476 69 423
477 75 430
478 79 423
479 84 429
480 88 422
481 94 429
482 95 437
483 87 437
484 84 444
485 92 445
486 100 443
487 107 442
488 109 450
489 115 443
490 113 436
491 109 430
492 103 434
493 95 420
494 90 414
495 83 416
496 76 416
497 69 415
498 63 418
499 57 421
500 61 427
501 56 432
502 49 433
503 51 426
504 45 423
505 42 429
506 41 437
507 42 445
508 42 451
509 40 458
510 33 457
511 37 464
512 28 464
513 20 463
514 23 456
515 28 451
516 35 448
517 34 440
518 27 443
519 20 448
520 14 453
521 11 459
522 3 460
523 7 465
524 3 470
525 9 474
526 3 478
527 2 486
528 7 491
529 9 483
530 15 488
531 20 484
532 15 478
533 14 468
534 20 471
535 22 477
536 27 472
537 34 471
538 34 478
539 28 482
540 33 488
541 26 489
542 21 494
543 13 496
544 10 503
545 3 498
546 3 506
547 3 514
548 10 513
549 16 508
550 18 501
551 24 504
552 24 512
553 25 521
554 30 516
555 32 509
556 38 513
557 45 510
558 40 504
559 32 502
560 29 496
561 37 496
562 44 497
563 48 503
564 49 518
565 42 519
566 35 521
567 39 526
568 42 532
569 43 538
570 47 543
571 52 547
572 53 539
573 49 533
574 47 526
575 54 525
576 56 532
577 62 528
578 60 521
579 56 515
580 53 509
581 57 502
582 62 508
583 64 515
584 71 515
585 79 515
586 86 514
587 91 518
588 97 514
589 91 508
590 88 500
591 87 493
592 78 492
593 77 500
594 83 506
595 76 508
596 69 506
597 65 500
598 69 494
599 70 485
600 63 488
601 59 494
602 52 496
603 49 491
604 55 487
605 61 480
606 67 477
607 60 473
608 53 478
609 47 483
610 41 489
611 39 483
612 42 477
613 41 470
614 47 472
615 53 470
616 56 465
617 62 465
618 67 469
619 73 471
620 75 478
621 78 484
622 84 486
623 91 485
624 99 485
625 106 491
626 103 498
627 96 493
628 96 501
629 100 507
630 107 505
631 112 500
632 114 493
633 112 486
634 106 482
635 112 478
636 119 478
637 119 486
638 126 485
639 126 479
640 132 477
641 133 483
642 131 489
643 125 492
644 121 496
645 120 503
646 114 508
647 120 512
648 126 512
649 127 506
650 128 499
651 133 495
652 137 490
653 141 493
654 145 499
655 149 493
656 154 499
657 150 505
658 143 507
659 137 500
660 135 506
661 133 513
662 140 514
663 148 514
664 155 511
665 155 518
666 163 515
667 162 522
668 165 530
669 168 523
670 173 519
671 172 513
672 176 507
673 183 509
674 179 515
675 179 524
676 173 530
677 183 532
678 191 534
679 198 538
680 192 543
681 195 551
682 201 545
683 207 541
684 203 553
685 200 560
686 192 560
687 197 568
688 190 569
689 187 576
690 196 577
691 203 573
692 205 579
693 211 583
694 206 589
695 213 591
696 208 597
697 200 595
698 199 585
699 191 584
700 193 591
701 193 599
702 185 602
703 184 592
704 183 584
705 176 583
706 175 590
707 177 599
708 170 604
709 177 608
710 185 611
711 193 607
712 193 617
713 200 613
714 201 603
715 207 609
716 214 613
717 208 618
718 211 625
719 218 621
720 222 614
721 229 610
722 235 616
723 236 609
724 234 602
725 229 595
726 226 602
727 219 606
728 212 604
729 217 598
730 222 594
731 226 588
732 219 586
733 221 579
734 214 576
735 211 570
736 206 565
737 209 558
738 216 554
739 210 549
740 217 545
741 223 550
742 228 556
743 234 558
744 237 564
745 229 564
746 222 560
747 215 563
748 220 569
749 226 573
750 232 571
751 230 581
752 234 588
753 239 583
754 236 577
755 240 571
756 245 567
757 249 560
758 242 558
759 240 551
760 234 550
761 229 546
762 225 541
763 220 536
764 214 538
765 210 533
766 204 534
767 199 529
768 193 527
769 187 525
770 185 518
771 193 519
772 200 521
773 206 526
774 214 528
775 220 528
776 216 521
777 210 519
778 205 515
779 198 513
780 196 506
781 190 512
782 188 503
783 187 495
784 194 491
785 199 485
786 194 479
787 189 485
788 181 483
789 175 479
790 185 476
791 178 472
792 183 467
793 175 465
794 169 484
795 174 489
796 181 491
797 181 501
798 176 497
799 169 495
800 169 502
801 166 508
802 160 505
803 162 498
804 157 493
805 163 489
806 161 482
807 167 477
808 170 471
809 166 465
810 158 466
811 162 472
812 156 474
813 154 480
814 154 486
815 147 486
816 140 485
817 139 479
818 137 472
819 143 472
820 147 478
821 151 471
822 151 463
823 145 459
824 146 466
825 140 464
826 134 465
827 134 459
828 139 454
829 145 451
830 151 455
831 156 458
832 162 458
833 165 452
834 167 445
835 165 438
836 172 437
837 179 432
838 181 440
839 175 444
840 173 451
841 170 458
842 178 458
843 182 449
844 189 452
845 185 458
846 194 458
847 190 464
848 192 471
849 201 474
850 200 466
851 202 458
852 203 451
853 196 449
854 189 444
855 189 436
856 187 430
857 182 425
858 184 418
859 187 411
860 185 403
861 185 395
862 192 396
863 193 388
864 199 382
865 209 383
866 210 375
867 203 374
868 195 374
869 191 367
870 182 366
871 188 360
872 182 355
873 175 358
874 175 350
875 172 344
876 165 344
877 167 350
878 167 358
879 164 367
880 172 366
881 176 374
882 185 374
883 189 381
884 185 387
885 179 381
886 171 383
887 168 375
888 163 381
889 163 389
890 162 398
891 170 399
892 170 392
893 177 390
894 178 398
895 175 405
896 179 411
897 176 418
898 174 425
899 171 430
900 164 431
901 166 424
902 168 418
903 171 412
904 163 412
905 166 406
906 158 405
907 150 405
908 153 399
909 156 393
910 157 386
911 159 374
912 153 379
913 146 380
914 138 378
915 135 371
916 128 372
917 128 365
918 136 363
919 131 358
920 138 356
921 136 350
922 139 342
923 147 344
924 152 349
925 151 356
926 144 351
927 144 359
928 143 367
929 143 373
930 150 372
931 150 364
932 156 367
933 158 360
934 160 353
935 158 345
936 153 339
937 149 333
938 144 336
939 142 326
940 149 325
941 155 327
942 157 333
943 162 337
944 170 337
945 169 331
946 170 324
947 163 328
948 160 322
949 166 318
950 166 305
951 161 300
952 169 299
953 174 296
954 174 290
955 180 292
956 186 293
957 191 299
958 199 301
959 207 298
960 215 296
961 221 301
962 229 302
963 236 302
964 241 307
965 237 311
966 238 320
967 248 318
968 248 325
969 255 323
970 265 329
971 265 317
972 275 317
973 276 324
974 283 321
975 286 315
976 291 319
977 294 305
978 299 298
979 304 304
980 311 306
981 303 313
982 296 325
983 289 325
984 283 329
985 286 337
986 292 336
987 297 337
988 308 336
989 310 324
990 317 318
991 320 325
992 331 325
993 343 328
994 343 340
995 339 346
996 334 339
997 332 345
998 327 349
999 325 355
1000 326 360
1001 332 360
1002 338 360
1003 345 361
1004 352 363
1005 350 355
1006 343 353
1007 334 353
1008 348 346
1009 354 339
1010 358 332
1011 353 324
1012 358 319
1013 372 319
1014 370 332
1015 371 343
1016 362 343
1017 356 349
1018 365 351
1019 359 358
1020 360 366
1021 366 368
1022 372 372
1023 378 376
1024 383 381
1025 389 386
1026 389 378
1027 386 371
1028 379 368
1029 384 363
1030 391 363
1031 383 355
1032 376 361
1033 368 359
1034 374 353
1035 379 347
1036 386 344
1037 393 338
1038 383 329
1039 393 328
1040 391 322
1041 384 316
1042 394 314
1043 394 307
1044 401 303
1045 407 317
1046 423 317
1047 425 321
1048 431 324
1049 436 327
1050 436 319
1051 431 315
1052 429 308
1053 437 310
1054 434 305
1055 438 301
1056 445 304
1057 452 299
1058 452 307
1059 459 304
1060 466 307
1061 467 301
1062 471 295
1063 469 289
1064 461 294
1065 460 286
1066 468 280
1067 461 277
1068 454 274
1069 452 281
1070 451 289
1071 443 293
1072 433 287
1073 429 294
1074 429 301
1075 423 305
1076 419 300
1077 415 307
1078 408 305
1079 412 300
1080 406 297
1081 408 290
1082 414 285
1083 417 292
1084 425 286
1085 424 277
1086 417 279
1087 411 277
1088 417 271
1089 417 264
1090 416 257
1091 410 252
1092 411 244
1093 403 248
1094 405 241
1095 412 236
1096 419 240
1097 421 233
1098 416 227
1099 408 228
1100 404 234
1101 399 229
1102 394 224
1103 393 217
1104 400 214
1105 402 221
1106 409 220
1107 416 219
1108 423 223
1109 428 228
1110 434 232
1111 428 237
1112 435 240
1113 431 245
1114 425 246
1115 418 249
1116 423 254
1117 430 252
1118 436 256
1119 442 253
1120 437 248
1121 443 245
1122 449 249
1123 448 256
1124 444 262
1125 437 266
1126 429 262
1127 429 270
1128 432 278
1129 438 276
1130 442 283
1131 446 276
1132 448 269
1133 454 264
1134 462 266
1135 464 258
1136 456 256
1137 456 250
1138 453 244
1139 448 239
1140 441 237
1141 447 233
1142 441 229
1143 446 225
1144 453 229
1145 456 237
1146 460 231
1147 460 223
1148 453 221
1149 460 216
1150 459 208
1151 453 213
1152 450 207
1153 457 201
1154 449 199
1155 449 192
1156 447 185
1157 441 189
1158 442 196
1159 433 187
1160 434 194
1161 435 200
1162 435 206
1163 442 204
1164 441 211
1165 446 216
1166 440 219
1167 435 224
1168 430 220
1169 434 214
1170 429 200
1171 427 207
1172 424 215
1173 416 213
1174 420 208
1175 421 200
1176 425 193
1177 425 187
1178 418 191
1179 413 197
1180 406 195
1181 407 201
1182 413 205
1183 408 213
1184 403 207
1185 396 205
1186 391 209
1187 386 213
1188 381 216
1189 376 213
1190 369 212
1191 367 205
1192 361 201
1193 354 197
1194 353 205
1195 354 213
1196 360 209
1197 363 216
1198 360 221
1199 356 227
1200 353 221
1201 348 226
1202 344 231
1203 351 233
1204 354 240
1205 361 241
1206 357 247
1207 361 253
1208 365 247
1209 367 252
1210 373 252
1211 373 245
1212 369 240
1213 364 236
1214 358 234
1215 364 230
1216 367 224
1217 371 220
1218 378 222
1219 375 228
1220 371 234
1221 377 237
1222 384 235
1223 383 229
1224 386 222
1225 391 232
1226 397 237
1227 390 241
1228 383 243
1229 379 248
1230 385 250
1231 391 250
1232 396 245
1233 397 254
1234 404 256
1235 404 263
1236 408 269
1237 404 274
1238 404 280
1239 399 283
1240 399 289
1241 397 296
1242 391 299
1243 387 292
1244 382 297
1245 385 305
1246 377 305
1247 372 299
1248 367 307
1249 361 305
1250 354 303
1251 353 311
1252 345 312
1253 346 303
1254 342 291
1255 338 297
1256 332 294
1257 334 286
1258 346 282
1259 340 280
1260 336 276
1261 330 279
1262 323 278
1263 318 274
1264 315 268
1265 313 261
1266 324 263
1267 330 271
1268 333 264
1269 340 261
1270 341 268
1271 347 275
1272 355 278
1273 363 277
1274 361 285
1275 353 288
1276 351 296
1277 363 296
1278 371 289
1279 380 285
1280 391 285
1281 395 276
1282 387 277
1283 379 277
1284 372 279
1285 372 269
1286 378 266
1287 388 268
1288 396 264
1289 387 258
1290 380 256
1291 372 261
1292 361 260
1293 361 267
1294 351 267
1295 351 260
1296 353 253
1297 347 253
1298 349 246
1299 347 239
1300 341 237
1301 341 245
1302 340 252
1303 334 254
1304 333 247
1305 334 239
1306 336 230
1307 328 231
1308 328 240
1309 322 237
1310 318 244
1311 325 247
1312 327 254
1313 321 254
1314 314 251
1315 308 253
1316 305 248
1317 309 242
1318 314 236
1319 318 230
1320 324 225
1321 331 222
1322 331 213
1323 324 209
1324 323 217
1325 316 213
1326 318 206
1327 312 203
1328 310 197
1329 318 198
1330 324 201
1331 331 205
1332 338 207
1333 338 215
1334 340 223
1335 346 217
1336 346 209
1337 346 201
1338 339 198
1339 331 197
1340 325 193
1341 319 190
1342 313 192
1343 308 189
1344 304 194
1345 300 198
1346 305 202
1347 300 207
1348 295 203
1349 292 209
1350 287 214
1351 280 211
1352 285 206
1353 289 200
1354 282 199
1355 276 204
1356 267 205
1357 273 210
1358 268 214
1359 275 218
1360 272 225
1361 267 221
1362 261 219
1363 262 212
1364 255 214
1365 254 221
1366 248 217
1367 244 211
1368 239 214
1369 231 214
1370 223 213
1371 226 206
1372 236 206
1373 243 203
1374 245 196
1375 237 196
1376 231 200
1377 224 197
1378 230 191
1379 237 187
1380 245 187
1381 248 179
1382 244 171
1383 238 178
1384 236 170
1385 228 173
1386 229 182
1387 222 188
1388 221 179
1389 219 171
1390 212 167
1391 218 162
1392 224 156
1393 228 163
1394 239 161
1395 240 151
1396 232 153
1397 224 148
1398 216 152
1399 209 149
1400 202 153
1401 211 158
1402 204 162
1403 197 159
1404 192 154
1405 188 148
1406 181 146
1407 183 153
1408 176 153
1409 172 158
1410 178 161
1411 186 159
1412 191 164
1413 198 167
1414 205 170
1415 210 177
1416 200 176
1417 201 183
1418 207 187
1419 214 184
1420 214 193
1421 218 200
1422 210 202
1423 207 195
1424 200 193
1425 194 181
1426 192 173
1427 185 171
1428 183 165
1429 177 170
1430 172 166
1431 166 164
1432 163 170
1433 170 174
1434 177 178
1435 171 182
1436 172 189
1437 180 185
1438 185 179
1439 188 185
1440 194 190
1441 187 193
1442 179 193
1443 173 197
1444 175 205
1445 183 201
1446 192 200
1447 201 202
1448 202 212
1449 209 210
1450 217 208
1451 215 215
1452 221 221
1453 228 223
1454 235 221
1455 242 222
1456 237 228
1457 244 232
1458 251 234
1459 249 226
1460 256 228
1461 263 227
1462 267 232
1463 259 235
1464 266 239
1465 274 232
1466 279 236
1467 273 240
1468 275 248
1469 268 246
1470 268 252
1471 273 255
1472 268 262
1473 270 268
1474 280 268
1475 280 261
1476 280 254
1477 287 255
1478 285 249
1479 282 243
1480 291 244
1481 295 237
1482 287 237
1483 283 230
1484 279 225
1485 282 219
1486 287 222
1487 291 230
1488 299 229
1489 302 222
1490 295 223
1491 294 216
1492 301 214
1493 308 209
1494 308 217
1495 316 221
1496 309 227
1497 307 234
1498 301 236
1499 301 242
1500 297 247
1501 293 252
1502 300 254
1503 303 262
1504 304 270
1505 309 278
1506 316 284
1507 325 286
1508 323 294
1509 329 302
1510 337 305
1511 331 312
1512 323 311
1513 319 303
1514 313 296
1515 306 289
1516 299 279
1517 292 260
1518 292 270
1519 289 278
1520 281 278
1521 274 279
1522 266 277
1523 259 268
1524 259 277
1525 258 286
1526 267 287
1527 275 288
1528 284 288
1529 292 289
1530 285 298
1531 284 306
1532 276 303
1533 266 305
1534 269 296
1535 259 294
1536 257 302
1537 257 309
1538 249 308
1539 246 301
1540 249 294
1541 248 286
1542 239 285
1543 239 295
1544 227 292
1545 217 287
1546 211 290
1547 205 290
1548 202 283
1549 205 277
1550 210 282
1551 217 278
1552 212 273
1553 206 269
1554 199 269
1555 194 264
1556 195 257
1557 196 248
1558 203 243
1559 206 250
1560 212 246
1561 214 253
1562 201 255
1563 203 262
1564 209 258
1565 212 265
1566 221 261
1567 223 255
1568 220 248
1569 225 242
1570 228 249
1571 233 255
1572 230 263
1573 224 269
1574 225 277
1575 227 284
1576 233 279
1577 233 273
1578 240 277
1579 246 277
1580 252 277
1581 250 271
1582 244 268
1583 239 268
1584 239 262
1585 244 262
1586 251 262
1587 257 259
1588 261 255
1589 261 249
1590 259 243
1591 252 242
1592 247 247
1593 254 250
1594 249 254
1595 241 252
1596 234 248
1597 239 244
1598 244 240
1599 237 236
1600 232 240
1601 230 231
1602 224 235
1603 217 240
1604 209 238
1605 214 232
1606 221 229
1607 214 224
1608 208 218
1609 201 222
1610 206 228
1611 203 235
1612 196 230
1613 196 240
1614 189 237
1615 189 245
1616 181 242
1617 175 238
1618 175 231
1619 182 232
1620 188 227
1621 193 222
1622 195 215
1623 196 208
1624 189 208
1625 181 210
1626 176 215
1627 186 217
1628 180 223
1629 172 224
1630 167 218
1631 160 219
1632 163 226
1633 167 232
1634 157 231
1635 154 226
1636 152 219
1637 150 213
1638 141 214
1639 136 220
1640 145 222
1641 147 230
1642 152 237
1643 160 237
1644 166 239
1645 171 244
1646 175 248
1647 182 251
1648 188 253
1649 188 259
1650 186 266
1651 178 267
1652 172 263
1653 163 266
1654 169 270
1655 175 274
1656 183 273
1657 187 279
1658 191 272
1659 197 276
1660 194 281
1661 195 287
1662 199 294
1663 193 292
1664 187 287
1665 180 285
1666 180 279
1667 174 282
1668 168 278
1669 162 274
1670 157 279
1671 162 283
1672 168 286
1673 166 293
1674 159 291
1675 155 296
1676 150 291
1677 154 286
1678 150 280
1679 152 273
1680 146 270
1681 140 265
1682 134 260
1683 128 265
1684 134 268
1685 138 273
1686 126 272
1687 120 273
1688 120 265
1689 114 270
1690 110 264
1691 113 257
1692 119 251
1693 120 258
1694 126 258
1695 128 252
1696 124 245
1697 116 244
1698 110 250
1699 103 251
1700 105 258
1701 98 258
1702 91 257
1703 85 255
1704 81 250
1705 75 246
1706 68 248
1707 69 241
1708 62 244
1709 57 240
1710 54 247
1711 55 255
1712 61 252
1713 68 255
1714 74 254
1715 79 258
1716 75 262
1717 72 274
1718 74 281
1719 67 282
1720 73 288
1721 81 284
1722 86 290
1723 90 284
1724 86 278
1725 80 276
1726 79 269
1727 84 263
1728 87 270
1729 93 264
1730 101 265
1731 97 271
1732 94 277
1733 102 277
1734 106 271
1735 110 277
1736 98 284
1737 94 291
1738 98 296
1739 100 303
1740 106 304
1741 106 296
1742 103 290
1743 108 284
1744 112 291
1745 118 286
1746 117 280
1747 125 280
1748 132 276
1749 139 281
1750 144 277
1751 145 285
1752 142 291
1753 142 297
1754 136 298
1755 134 305
1756 140 309
1757 147 310
1758 144 304
1759 149 299
1760 154 304
1761 160 308
1762 160 315
1763 153 313
1764 153 319
1765 147 318
1766 140 317
1767 134 313
1768 127 312
1769 126 306
1770 127 299
1771 131 293
1772 136 288
1773 132 283
1774 127 287
1775 124 291
1776 119 295
1777 113 299
1778 119 303
1779 113 307
1780 119 311
1781 113 316
1782 109 322
1783 103 319
1784 107 312
1785 101 311
1786 95 308
1787 95 314
1788 95 320
1789 96 326
1790 104 327
1791 101 333
1792 96 332
1793 93 337
1794 97 342
1795 103 340
1796 110 341
1797 117 343
1798 117 335
1799 109 333
1800 114 329
1801 116 322
1802 121 318
1803 128 320
1804 122 326
1805 125 332
1806 130 328
1807 135 323
1808 137 332
1809 132 337
1810 125 339
1811 131 344
1812 124 346
1813 127 352
1814 123 358
1815 114 359
1816 107 357
1817 118 351
1818 111 350
1819 104 348
1820 98 350
1821 91 354
1822 89 361
1823 94 366
1824 98 357
1825 101 363
1826 107 366
1827 114 368
1828 120 365
1829 120 372
1830 116 378
1831 109 375
1832 102 379
1833 101 371
1834 94 374
1835 88 370
1836 82 373
1837 81 365
1838 82 356
1839 75 359
1840 65 360
1841 63 367
1842 71 365
1843 75 372
1844 68 372
1845 63 376
1846 58 372
1847 52 370
1848 48 365
1849 42 362
1850 38 357
1851 39 351
1852 37 344
1853 38 337
1854 45 336
1855 41 330
1856 35 330
1857 30 334
1858 24 335
1859 18 336
1860 13 340
1861 13 331
1862 21 329
1863 28 328
1864 33 323
1865 35 316
1866 32 309
1867 32 303
1868 36 298
1869 41 303
1870 40 310
1871 43 316
1872 41 323
1873 50 315
1874 56 311
1875 63 308
1876 69 306
1877 73 302
1878 75 310
1879 81 314
1880 82 322
1881 80 328
1882 77 334
1883 72 330
1884 71 324
1885 75 319
1886 68 315
1887 62 316
1888 63 323
1889 64 331
1890 57 328
1891 56 320
1892 49 323
1893 49 330
1894 54 335
1895 61 337
1896 57 343
1897 50 342
1898 43 344
1899 47 350
1900 53 350
1901 44 356
1902 51 358
1903 56 364
1904 58 357
1905 61 351
1906 64 345
1907 69 338
1908 75 341
1909 70 346
1910 68 354
1911 75 352
1912 79 347
1913 85 348
1914 91 347
1915 88 341
1916 82 340
1917 85 334
1918 89 329
1919 89 323
1920 88 317
1921 88 309
1922 82 306
1923 80 300
1924 92 301
1925 87 298
1926 80 293
1927 74 295
1928 67 295
1929 63 300
1930 56 303
1931 48 308
1932 49 302
1933 53 296
1934 44 295
1935 37 291
1936 32 286
1937 28 280
1938 32 276
1939 34 269
1940 32 262
1941 26 259
1942 22 265
1943 26 270
1944 17 271
1945 21 277
1946 18 284
1947 24 287
1948 20 293
1949 29 294
1950 25 300
1951 18 302
1952 11 302
1953 12 294
1954 11 287
1955 12 279
1956 9 274
1957 10 267
1958 9 259
1959 15 262
1960 20 256
1961 14 253
1962 19 248
1963 25 251
1964 33 254
1965 33 246
1966 26 244
1967 24 238
1968 17 240
1969 10 238
1970 11 231
1971 16 226
1972 19 232
1973 26 230
1974 23 223
1975 29 221
1976 37 224
1977 33 230
1978 40 232
1979 32 238
1980 40 240
1981 39 249
1982 40 257
1983 39 265
1984 40 274
1985 45 269
1986 49 274
1987 51 281
1988 44 280
1989 37 282
1990 43 287
1991 50 289
1992 56 287
1993 59 293
1994 64 288
1995 60 280
1996 57 274
1997 62 268
1998 65 274
1999 71 268
2000 68 262
2001 61 260
2002 55 262
2003 53 267
2004 47 262
2005 48 257
2006 47 251
2007 46 245
2008 49 240
2009 48 234
2010 56 234
2011 63 235
2012 59 228
2013 58 220
2014 63 215
2015 68 219
2016 71 210
2017 72 202
2018 77 204
2019 80 210
2020 76 216
2021 75 223
2022 64 225
2023 70 228
2024 71 234
2025 77 237
2026 79 229
2027 85 234
2028 91 240
2029 83 242
2030 88 248
2031 95 251
2032 98 245
2033 106 243
2034 111 238
2035 105 234
2036 99 237
2037 93 232
2038 87 226
2039 83 220
2040 86 213
2041 92 218
2042 95 224
2043 102 227
2044 112 229
2045 109 221
2046 101 217
2047 95 210
2048 103 208
2049 110 212
2050 118 215
2051 118 223
2052 121 230
2053 119 237
2054 126 235
2055 130 240
2056 133 245
2057 137 252
2058 141 257
2059 146 262
2060 146 252
2061 154 251
2062 152 257
2063 152 265
2064 157 268
2065 159 260
2066 167 259
2067 180 259
2068 174 256
2069 168 252
2070 161 252
2071 164 246
2072 157 244
2073 149 245
2074 141 245
2075 144 238
2076 137 236
2077 139 228
2078 131 229
2079 126 222
2080 128 216
2081 134 210
2082 139 205
2083 146 206
2084 154 206
2085 160 211
2086 168 210
2087 167 203
2088 160 201
2089 165 194
2090 163 186
2091 163 178
2092 156 180
2093 157 173
2094 150 175
2095 144 172
2096 139 168
2097 132 165
2098 132 157
2099 136 149
2100 135 141
2101 142 142
2102 149 141
2103 157 140
2104 155 147
2105 148 149
2106 143 154
2107 139 160
2108 146 162
2109 152 167
2110 158 162
2111 152 156
2112 159 153
2113 164 157
2114 168 152
2115 173 147
2116 164 146
2117 165 140
2118 171 140
2119 177 140
2120 182 140
2121 188 141
2122 195 141
2123 196 148
2124 202 142
2125 208 141
2126 215 142
2127 222 140
2128 229 142
2129 236 142
2130 244 142
2131 250 148
2132 252 140
2133 259 143
2134 267 141
2135 272 148
2136 277 154
2137 270 158
2138 265 164
2139 258 162
2140 264 152
2141 256 154
2142 247 156
2143 249 164
2144 253 171
2145 261 172
2146 257 179
2147 253 186
2148 252 193
2149 253 200
2150 250 207
2151 258 206
2152 261 200
2153 268 197
2154 275 196
2155 271 189
2156 260 193
2157 262 186
2158 267 180
2159 269 172
2160 274 166
2161 280 161
2162 282 169
2163 289 170
2164 294 175
2165 287 183
2166 285 177
2167 277 175
2168 277 183
2169 281 189
2170 287 192
2171 292 188
2172 294 195
2173 300 189
2174 296 182
2175 305 183
2176 313 184
2177 302 177
2178 302 170
2179 295 166
2180 288 162
2181 286 154
2182 282 147
2183 277 141
2184 287 140
2185 290 147
2186 296 151
2187 295 158
2188 303 154
2189 308 149
2190 302 146
2191 295 141
2192 302 140
2193 309 141
2194 314 146
2195 316 152
2196 311 157
2197 302 162
2198 309 164
2199 310 171
2200 310 177
2201 317 177
2202 318 171
2203 317 164
2204 320 158
2205 325 163
2206 325 169
2207 332 171
2208 339 173
2209 340 181
2210 333 180
2211 325 177
2212 321 183
2213 327 185
2214 333 189
2215 340 189
2216 347 193
2217 347 185
2218 354 189
2219 354 181
2220 360 174
2221 354 171
2222 347 176
2223 346 168
2224 340 163
2225 333 163
2226 328 156
2227 324 151
2228 321 146
2229 318 140
2230 326 141
2231 334 141
2232 331 148
2233 339 148
2234 335 155
2235 343 155
2236 348 159
2237 355 163
2238 362 164
2239 370 163
2240 374 170
2241 367 171
2242 371 177
2243 366 180
2244 361 185
2245 362 193
2246 369 189
2247 370 197
2248 375 205
2249 382 207
2250 380 199
2251 377 192
2252 385 192
2253 382 185
2254 375 184
2255 378 178
2256 386 178
2257 390 185
2258 396 182
2259 393 175
2260 397 169
2261 401 175
2262 404 182
2263 401 189
2264 395 190
2265 391 195
2266 388 201
2267 399 198
2268 409 189
2269 412 183
2270 410 175
2271 405 168
2272 400 161
2273 408 161
2274 413 168
2275 417 161
2276 421 154
2277 418 147
2278 413 154
2279 409 147
2280 405 154
2281 401 147
2282 397 153
2283 391 155
2284 391 162
2285 388 169
2286 382 171
2287 380 163
2288 383 157
2289 384 149
2290 376 149
2291 374 156
2292 368 149
2293 365 156
2294 359 149
2295 355 155
2296 349 149
2297 342 141
2298 348 141
2299 356 141
2300 364 141
2301 372 141
2302 379 141
2303 386 141
2304 391 147
2305 395 141
2306 404 140
2307 413 140
2308 423 140
2309 433 141
2310 428 147
2311 426 162
2312 421 168
2313 418 175
2314 418 183
2315 425 179
2316 427 172
2317 433 167
2318 441 169
2319 436 175
2320 432 180
2321 439 182
2322 444 177
2323 450 171
2324 459 169
2325 460 162
2326 453 164
2327 446 163
2328 439 161
2329 433 159
2330 429 154
2331 436 150
2332 444 155
2333 444 147
2334 441 141
2335 449 141
2336 455 141
2337 457 148
2338 451 149
2339 453 156
2340 461 155
2341 469 154
2342 468 161
2343 475 159
2344 474 167
2345 467 169
2346 465 176
2347 458 177
2348 452 180
2349 462 185
2350 455 187
2351 457 193
2352 465 202
2353 465 194
2354 469 185
2355 478 182
2356 473 176
2357 480 172
2358 485 176
2359 487 184
2360 490 191
2361 498 193
2362 497 185
2363 493 179
2364 494 171
2365 496 164
2366 487 168
2367 482 163
2368 490 160
2369 491 153
2370 498 156
2371 505 161
2372 502 168
2373 511 167
2374 513 161
2375 519 163
2376 524 168
2377 525 176
2378 527 183
2379 534 183
2380 533 177
2381 531 170
2382 537 167
2383 538 172
2384 540 178
2385 545 170
2386 547 176
2387 553 174
2388 552 167
2389 560 171
2390 560 163
2391 554 160
2392 556 155
2393 560 150
2394 553 148
2395 548 146
2396 549 153
2397 547 159
2398 545 164
2399 539 162
2400 541 156
2401 543 150
2402 537 151
2403 532 146
2404 526 147
2405 531 153
2406 534 158
2407 531 164
2408 525 160
2409 524 153
2410 518 155
2411 519 147
2412 512 148
2413 511 155
2414 505 153
2415 504 147
2416 498 148
2417 491 146
2418 485 148
2419 484 156
2420 478 152
2421 479 146
2422 472 147
2423 465 148
2424 462 141
2425 469 141
2426 475 140
2427 482 140
2428 488 140
2429 495 140
2430 501 141
2431 507 141
2432 514 141
2433 521 140
2434 527 140
2435 534 140
2436 537 144
2437 541 139
2438 543 144
2439 548 140
2440 554 140
2441 558 145
2442 561 140
2443 564 145
2444 568 140
2445 571 145
2446 573 151
2447 567 151
2448 563 157
2449 567 162
2450 571 157
2451 575 162
2452 582 160
2453 578 155
2454 585 153
2455 579 147
2456 575 140
2457 581 140
2458 589 140
2459 585 146
2460 591 147
2461 593 153
2462 596 159
2463 589 161
2464 590 167
2465 592 174
2466 587 178
2467 582 173
2468 582 167
2469 574 170
2470 567 168
2471 567 176
2472 574 178
2473 580 181
2474 572 186
2475 564 184
2476 560 179
2477 554 182
2478 558 190
2479 566 192
2480 573 194
2481 579 189
2482 581 196
2483 576 202
2484 572 215
2485 573 223
2486 576 230
2487 583 230
2488 581 223
2489 580 216
2490 578 209
2491 585 202
2492 586 210
2493 593 208
2494 593 200
2495 600 205
2496 607 199
2497 608 206
2498 616 206
2499 615 198
2500 621 194
2501 616 190
2502 609 192
2503 602 189
2504 600 197
2505 595 190
2506 588 193
2507 587 186
2508 594 182
2509 601 181
2510 600 173
2511 598 166
2512 606 168
2513 608 176
2514 608 184
2515 615 182
2516 617 175
2517 624 177
2518 623 184
2519 629 190
2520 631 183
2521 632 176
2522 628 170
2523 635 168
2524 631 162
2525 625 162
2526 621 169
2527 613 169
2528 617 163
2529 611 161
2530 604 160
2531 602 154
2532 599 147
2533 597 140
2534 605 141
2535 607 148
2536 611 153
2537 617 148
2538 613 141
2539 621 141
2540 628 141
2541 625 148
2542 620 155
2543 628 155
2544 635 155
2545 633 148
2546 635 141
2547 641 140
2548 648 141
2549 654 142
2550 661 140
2551 668 140
2552 675 140
2553 674 146
2554 668 148
2555 661 148
2556 655 150
2557 648 149
2558 641 148
2559 643 155
2560 639 161
2561 643 168
2562 647 162
2563 651 156
2564 655 162
2565 651 169
2566 654 178
2567 657 173
2568 660 167
2569 665 162
2570 661 156
2571 668 156
2572 673 161
2573 675 153
2574 681 156
2575 681 150
2576 682 145
2577 682 139
2578 688 139
2579 689 145
2580 695 141
2581 700 145
2582 703 140
2583 707 146
2584 708 152
2585 711 140
2586 714 147
2587 717 154
2588 725 153
2589 722 147
2590 719 140
2591 727 141
2592 732 149
2593 730 159
2594 728 166
2595 736 156
2596 743 158
2597 750 160
2598 741 149
2599 736 141
2600 745 141
2601 754 141
2602 765 141
2603 775 141
2604 783 141
2605 787 148
2606 779 150
2607 771 149
2608 760 148
2609 750 150
2610 757 156
2611 763 162
2612 766 155
2613 772 160
2614 779 158
2615 786 165
2616 786 157
2617 793 140
2618 795 147
2619 794 154
2620 794 162
2621 794 169
2622 794 175
2623 794 181
2624 785 180
2625 785 173
2626 778 167
2627 777 177
2628 783 187
2629 789 187
2630 795 189
2631 794 196
2632 787 194
2633 777 187
2634 771 183
2635 768 176
2636 770 169
2637 763 170
2638 755 166
2639 745 167
2640 737 165
2641 738 174
2642 750 173
2643 757 175
2644 761 181
2645 764 187
2646 769 191
2647 774 196
2648 780 196
2649 787 202
2650 794 203
2651 794 209
2652 795 218
2653 795 226
2654 795 236
2655 789 231
2656 783 237
2657 784 245
2658 790 241
2659 794 247
2660 794 256
2661 794 264
2662 787 269
2663 794 271
2664 795 279
2665 792 285
2666 795 291
2667 788 293
2668 794 299
2669 794 307
2670 795 317
2671 781 317
2672 788 312
2673 786 301
2674 781 307
2675 774 313
2676 767 316
2677 765 309
2678 759 317
2679 756 310
2680 749 316
2681 742 313
2682 735 310
2683 729 315
2684 725 309
2685 722 315
2686 720 321
2687 719 327
2688 724 331
2689 727 324
2690 734 328
2691 740 329
2692 735 320
2693 742 321
2694 747 325
2695 754 323
2696 760 326
2697 767 324
2698 774 323
2699 781 325
2700 788 322
2701 794 327
2702 787 331
2703 783 337
2704 789 341
2705 794 336
2706 795 347
2707 788 350
2708 787 358
2709 794 357
2710 794 365
2711 786 365
2712 780 361
2713 774 365
2714 769 368
2715 762 368
2716 756 368
2717 752 374
2718 743 370
2719 749 366
2720 743 361
2721 753 358
2722 759 361
2723 762 355
2724 764 348
2725 772 348
2726 772 356
2727 767 361
2728 779 353
2729 781 345
2730 775 340
2731 767 341
2732 776 332
2733 768 332
2734 761 334
2735 759 342
2736 755 349
2737 748 353
2738 741 352
2739 740 345
2740 747 345
2741 752 339
2742 754 331
2743 747 333
2744 742 337
2745 735 337
2746 729 334
2747 722 339
2748 719 344
2749 714 349
2750 714 355
2751 714 361
2752 719 365
2753 722 370
2754 729 376
2755 729 370
2756 728 363
2757 727 355
2758 721 358
2759 720 351
2760 726 347
2761 729 341
2762 733 346
2763 733 352
2764 735 359
2765 736 366
2766 736 373
2767 741 378
2768 747 376
2769 745 384
2770 752 382
2771 758 381
2772 760 375
2773 766 374
2774 767 380
2775 770 387
2776 771 394
2777 771 402
2778 777 390
2779 775 382
2780 774 375
2781 780 370
2782 788 372
2783 795 373
2784 795 381
2785 788 379
2786 781 378
2787 782 385
2788 789 387
2789 795 391
2790 790 395
2791 784 393
2792 785 401
2793 778 398
2794 778 405
2795 778 411
2796 771 409
2797 764 407
2798 764 399
2799 763 393
2800 762 386
2801 756 389
2802 750 390
2803 747 397
2804 755 397
2805 757 404
2806 751 404
2807 749 411
2808 757 412
2809 764 415
2810 772 416
2811 779 419
2812 781 426
2813 787 422
2814 786 415
2815 787 408
2816 794 401
2817 794 409
2818 794 417
2819 794 425
2820 788 431
2821 795 435
2822 788 439
2823 780 440
2824 778 446
2825 773 442
2826 769 448
2827 774 452
2828 781 452
2829 786 446
2830 794 443
2831 795 449
2832 789 452
2833 785 457
2834 790 459
2835 795 455
2836 795 462
2837 795 467
2838 795 473
2839 790 471
2840 789 466
2841 784 463
2842 780 466
2843 774 466
2844 770 471
2845 764 470
2846 758 470
2847 752 466
2848 751 472
2849 754 477
2850 760 477
2851 766 477
2852 774 477
2853 778 473
2854 784 472
2855 789 477
2856 795 479
2857 795 485
2858 794 491
2859 794 498
2860 787 494
2861 784 488
2862 788 484
2863 782 479
2864 778 484
2865 778 491
2866 771 490
2867 770 484
2868 763 484
2869 755 483
2870 748 479
2871 746 485
2872 751 489
2873 758 490
2874 764 491
2875 761 497
2876 754 496
2877 746 494
2878 741 488
2879 735 487
2880 732 481
2881 727 487
2882 724 481
2883 728 475
2884 736 475
2885 740 481
2886 743 476
2887 739 469
2888 745 470
2889 745 464
2890 748 458
2891 748 452
2892 754 452
2893 755 459
2894 760 462
2895 766 462
2896 778 459
2897 772 459
2898 767 455
2899 761 453
2900 763 444
2901 757 445
2902 751 445
2903 745 445
2904 741 450
2905 740 456
2906 739 461
2907 733 464
2908 731 469
2909 724 469
2910 726 462
2911 732 457
2912 734 451
2913 737 444
2914 738 438
2915 731 440
2916 729 446
2917 722 444
2918 726 435
2919 733 432
2920 741 431
2921 747 432
2922 745 439
2923 753 437
2924 760 437
2925 767 437
2926 773 434
2927 781 434
2928 773 426
2929 766 429
2930 767 422
2931 759 422
2932 758 430
2933 753 427
2934 752 419
2935 747 424
2936 741 424
2937 734 425
2938 727 427
2939 720 429
2940 720 421
2941 713 427
2942 719 437
2943 712 435
2944 706 431
2945 699 428
2946 699 436
2947 706 440
2948 713 444
2949 716 451
2950 725 452
2951 720 457
2952 718 464
2953 716 470
2954 718 476
2955 712 481
2956 705 485
2957 699 489
2958 695 495
2959 702 497
2960 704 504
2961 710 507
2962 712 513
2963 704 512
2964 707 518
2965 713 521
2966 720 521
2967 727 519
2968 727 513
2969 733 508
2970 729 501
2971 724 506
2972 719 513
2973 717 506
2974 720 498
2975 712 499
2976 707 492
2977 714 490
2978 718 484
2979 721 490
2980 726 495
2981 732 494
2982 738 494
2983 737 501
2984 744 501
2985 741 507
2986 744 513
2987 743 521
2988 736 515
2989 734 523
2990 726 527
2991 731 532
2992 729 540
2993 723 535
2994 718 529
2995 711 529
2996 705 525
2997 704 532
2998 706 538
2999 714 537
3000 713 545
3001 721 544
3002 718 552
3003 708 553
3004 705 546
3005 699 550
3006 701 557
3007 699 564
3008 699 572
3009 691 576
3010 683 574
3011 686 567
3012 693 567
3013 692 558
3014 682 560
3015 674 560
3016 669 566
3017 678 568
3018 674 575
3019 667 574
3020 660 576
3021 661 583
3022 669 583
3023 666 591
3024 657 590
3025 653 583
3026 651 576
3027 646 570
3028 645 584
3029 639 589
3030 635 583
3031 642 578
3032 636 575
3033 638 569
3034 642 563
3035 640 556
3036 637 551
3037 631 547
3038 625 545
3039 620 542
3040 614 545
3041 608 545
3042 600 545
3043 600 533
3044 594 531
3045 600 526
3046 607 530
3047 610 523
3048 603 519
3049 608 514
3050 614 510
3051 621 513
3052 616 518
3053 618 525
3054 613 530
3055 604 538
3056 612 538
3057 620 534
3058 625 537
3059 630 532
3060 626 527
3061 624 520
3062 628 514
3063 628 507
3064 635 513
3065 643 511
3066 647 517
3067 653 512
3068 649 506
3069 649 498
3070 656 494
3071 656 502
3072 660 508
3073 668 508
3074 675 511
3075 670 517
3076 664 515
3077 658 517
3078 654 522
3079 650 526
3080 657 529
3081 664 524
3082 663 533
3083 670 537
3084 671 543
3085 663 541
3086 665 548
3087 660 553
3088 653 552
3089 657 546
3090 656 538
3091 649 544
3092 644 539
3093 650 534
3094 643 524
3095 639 519
3096 632 521
3097 636 527
3098 643 531
3099 637 535
3100 632 539
3101 637 543
3102 642 546
3103 645 551
3104 648 557
3105 655 560
3106 650 564
3107 654 569
3108 661 567
3109 663 560
3110 668 556
3111 671 551
3112 678 554
3113 685 552
3114 691 548
3115 684 543
3116 678 546
3117 678 537
3118 672 530
3119 672 524
3120 677 519
3121 684 518
3122 690 518
3123 688 526
3124 680 528
3125 687 534
3126 691 540
3127 698 542
3128 697 535
3129 697 529
3130 695 523
3131 700 519
3132 696 515
3133 698 509
3134 696 503
3135 688 503
3136 689 510
3137 682 508
3138 680 499
3139 673 502
3140 673 493
3141 665 499
3142 664 490
3143 662 481
3144 670 482
3145 677 486
3146 682 490
3147 687 495
3148 690 488
3149 696 482
3150 686 481
3151 678 478
3152 675 471
3153 667 472
3154 658 474
3155 650 472
3156 651 480
3157 656 486
3158 647 489
3159 643 483
3160 642 475
3161 635 477
3162 636 486
3163 640 494
3164 642 502
3165 636 506
3166 633 500
3167 632 493
3168 628 487
3169 628 481
3170 628 473
3171 620 479
3172 612 483
3173 612 490
3174 620 487
3175 624 493
3176 618 497
3177 625 500
3178 620 505
3179 613 503
3180 606 507
3181 599 511
3182 591 505
3183 598 503
3184 604 500
3185 610 498
3186 605 492
3187 603 485
3188 604 478
3189 596 478
3190 594 470
3191 604 470
3192 613 475
3193 612 467
3194 621 469
3195 628 463
3196 635 467
3197 644 467
3198 640 459
3199 632 455
3200 625 452
3201 619 459
3202 616 450
3203 623 443
3204 631 445
3205 632 437
3206 624 433
3207 616 429
3208 617 438
3209 609 434
3210 609 442
3211 608 450
3212 609 459
3213 601 463
3214 601 455
3215 593 454
3216 591 462
3217 586 468
3218 580 464
3219 575 458
3220 577 450
3221 584 456
3222 585 448
3223 593 444
3224 600 447
3225 601 439
3226 600 431
3227 607 425
3228 598 422
3229 591 425
3230 587 431
3231 593 435
3232 586 439
3233 579 441
3234 572 443
3235 566 440
3236 572 435
3237 579 432
3238 582 423
3239 583 414
3240 591 417
3241 590 408
3242 597 410
3243 603 416
3244 611 418
3245 617 420
3246 624 424
3247 631 420
3248 632 428
3249 639 432
3250 639 423
3251 639 416
3252 639 409
3253 647 411
3254 647 419
3255 647 427
3256 652 432
3257 659 435
3258 664 430
3259 672 431
3260 668 438
3261 662 444
3262 670 447
3263 676 438
3264 680 431
3265 684 438
3266 678 446
3267 686 445
3268 692 450
3269 698 455
3270 702 461
3271 690 459
3272 684 453
3273 677 455
3274 669 456
3275 663 453
3276 656 457
3277 655 449
3278 653 441
3279 647 445
3280 645 437
3281 639 442
3282 639 450
3283 647 453
3284 649 460
3285 655 465
3286 663 463
3287 672 464
3288 682 463
3289 685 471
3290 693 474
3291 693 465
3292 701 470
3293 702 477
3294 709 474
3295 709 466
3296 712 459
3297 707 454
3298 705 447
3299 698 445
3300 692 440
3301 690 431
3302 693 423
3303 685 425
3304 687 418
3305 679 415
3306 677 422
3307 669 424
3308 662 420
3309 656 425
3310 655 416
3311 663 411
3312 670 417
3313 671 411
3314 677 407
3315 683 403
3316 676 399
3317 667 404
3318 656 409
3319 651 404
3320 645 403
3321 639 401
3322 637 396
3323 632 391
3324 626 389
3325 619 387
3326 614 395
3327 610 402
3328 618 402
3329 622 395
3330 628 398
3331 632 404
3332 625 406
3333 631 412
3334 624 414
3335 616 410
3336 608 410
3337 602 404
3338 595 400
3339 587 399
3340 582 405
3341 575 410
3342 574 418
3343 572 426
3344 565 430
3345 563 421
3346 567 413
3347 567 405
3348 574 401
3349 570 394
3350 574 387
3351 580 395
3352 589 391
3353 597 392
3354 604 395
3355 609 389
3356 603 385
3357 595 384
3358 587 383
3359 582 387
3360 584 374
3361 579 380
3362 571 379
3363 566 385
3364 558 384
3365 562 392
3366 562 400
3367 559 410
3368 554 401
3369 555 393
3370 548 392
3371 550 384
3372 542 385
3373 536 379
3374 545 378
3375 543 372
3376 536 369
3377 529 374
3378 523 371
3379 516 367
3380 514 361
3381 508 365
3382 506 360
3383 510 355
3384 508 349
3385 505 343
3386 512 343
3387 517 332
3388 504 332
3389 507 320
3390 520 319
3391 530 324
3392 528 333
3393 533 339
3394 528 343
3395 524 350
3396 520 344
3397 516 350
3398 520 356
3399 522 363
3400 529 365
3401 528 358
3402 533 352
3403 536 346
3404 542 346
3405 542 354
3406 536 360
3407 543 364
3408 550 368
3409 558 367
3410 554 376
3411 562 376
3412 566 370
3413 574 372
3414 572 365
3415 579 367
3416 579 360
3417 576 354
3418 583 352
3419 578 346
3420 571 349
3421 571 342
3422 576 338
3423 583 339
3424 587 346
3425 594 346
3426 590 338
3427 598 340
3428 602 334
3429 605 328
3430 612 326
3431 613 319
3432 619 322
3433 625 328
3434 618 331
3435 610 334
3436 607 342
3437 601 347
3438 608 351
3439 612 357
3440 618 353
3441 625 355
3442 626 364
3443 618 362
3444 609 364
3445 600 367
3446 595 361
3447 603 359
3448 598 354
3449 591 353
3450 587 359
3451 587 366
3452 593 370
3453 592 377
3454 600 376
3455 606 371
3456 608 377
3457 613 382
3458 619 378
3459 615 371
3460 623 371
3461 630 374
3462 637 376
3463 626 381
3464 633 383
3465 639 388
3466 643 382
3467 646 375
3468 653 372
3469 651 382
3470 647 388
3471 645 395
3472 654 390
3473 652 397
3474 660 401
3475 661 393
3476 667 398
3477 672 392
3478 668 387
3479 660 385
3480 658 378
3481 665 380
3482 666 373
3483 664 365
3484 660 370
3485 656 365
3486 659 359
3487 660 352
3488 671 344
3489 668 350
3490 667 357
3491 671 362
3492 673 367
3493 673 374
3494 673 380
3495 676 386
3496 680 391
3497 685 396
3498 689 388
3499 684 383
3500 680 378
3501 688 376
3502 694 381
3503 697 373
3504 695 366
3505 702 367
3506 706 374
3507 702 380
3508 707 386
3509 711 380
3510 717 384
3511 714 391
3512 715 398
3513 722 397
3514 722 390
3515 729 393
3516 730 400
3517 725 405
3518 716 406
3519 708 412
3520 708 403
3521 701 407
3522 700 399
3523 706 394
3524 699 389
3525 693 396
3526 692 404
3527 686 410
3528 694 413
3529 700 417
3530 705 422
3531 712 419
3532 716 413
3533 723 413
3534 730 411
3535 728 419
3536 736 417
3537 744 417
3538 740 411
3539 735 405
3540 743 404
3541 738 397
3542 742 392
3543 735 390
3544 739 385
3545 734 381
3546 729 386
3547 724 382
3548 720 377
3549 714 373
3550 710 367
3551 706 360
3552 708 352
3553 702 354
3554 702 348
3555 707 346
3556 711 342
3557 714 338
3558 718 334
3559 713 331
3560 708 334
3561 704 340
3562 696 351
3563 698 359
3564 688 369
3565 681 371
3566 680 364
3567 675 357
3568 676 350
3569 681 346
3570 683 352
3571 683 357
3572 688 362
3573 691 356
3574 689 349
3575 692 344
3576 698 344
3577 696 338
3578 701 335
3579 702 330
3580 696 330
3581 694 323
3582 693 317
3583 693 311
3584 687 310
3585 684 316
3586 678 313
3587 677 320
3588 675 327
3589 682 327
3590 687 322
3591 689 327
3592 689 333
3593 690 338
3594 685 341
3595 682 335
3596 677 340
3597 675 335
3598 669 332
3599 666 338
3600 662 344
3601 656 339
3602 661 331
3603 654 329
3604 654 320
3605 661 323
3606 668 325
3607 668 319
3608 669 312
3609 661 313
3610 653 312
3611 654 305
3612 647 307
3613 641 301
3614 635 305
3615 640 311
3616 645 316
3617 647 323
3618 644 330
3619 641 337
3620 649 336
3621 647 344
3622 653 348
3623 646 352
3624 651 357
3625 648 365
3626 641 361
3627 641 369
3628 634 367
3629 633 359
3630 638 353
3631 631 349
3632 624 345
3633 615 346
3634 617 339
3635 625 336
3636 632 340
3637 639 345
3638 634 331
3639 632 324
3640 639 322
3641 633 315
3642 626 319
3643 625 312
3644 628 306
3645 621 305
3646 617 312
3647 612 306
3648 608 313
3649 605 320
3650 600 314
3651 594 319
3652 598 325
3653 594 332
3654 589 325
3655 584 331
3656 577 330
3657 581 324
3658 576 318
3659 571 325
3660 563 324
3661 563 331
3662 569 334
3663 563 339
3664 564 346
3665 564 353
3666 570 357
3667 564 362
3668 557 358
3669 550 360
3670 551 354
3671 549 348
3672 557 349
3673 555 341
3674 547 340
3675 554 331
3676 554 323
3677 541 331
3678 542 323
3679 541 312
3680 531 313
3681 528 307
3682 531 300
3683 521 303
3684 524 296
3685 528 291
3686 527 284
3687 520 288
3688 520 282
3689 517 277
3690 525 276
3691 532 278
3692 538 287
3693 542 290
3694 539 297
3695 538 305
3696 548 302
3697 551 293
3698 562 293
3699 568 286
3700 559 284
3701 563 278
3702 556 273
3703 550 282
3704 546 277
3705 539 277
3706 546 267
3707 551 260
3708 545 257
3709 551 250
3710 559 250
3711 561 257
3712 562 264
3713 567 270
3714 570 261
3715 578 261
3716 584 268
3717 576 268
3718 572 277
3719 578 283
3720 575 291
3721 570 296
3722 566 303
3723 557 303
3724 554 311
3725 562 311
3726 568 317
3727 571 310
3728 575 303
3729 581 298
3730 583 289
3731 589 294
3732 590 301
3733 584 306
3734 580 311
3735 586 316
3736 591 310
3737 597 305
3738 604 306
3739 605 299
3740 597 297
3741 603 291
3742 595 289
3743 588 283
3744 581 276
3745 589 275
3746 597 273
3747 596 281
3748 603 283
3749 604 276
3750 612 280
3751 610 287
3752 610 294
3753 615 299
3754 617 291
3755 620 284
3756 626 281
3757 627 289
3758 623 296
3759 630 299
3760 635 293
3761 633 284
3762 640 285
3763 647 283
3764 653 278
3765 655 285
3766 652 291
3767 644 292
3768 649 299
3769 657 297
3770 661 304
3771 667 305
3772 674 307
3773 682 306
3774 678 302
3775 672 298
3776 665 295
3777 661 290
3778 673 291
3779 679 295
3780 680 288
3781 676 283
3782 670 279
3783 668 286
3784 662 281
3785 665 272
3786 659 273
3787 660 266
3788 653 262
3789 652 270
3790 647 275
3791 640 276
3792 632 276
3793 634 269
3794 644 267
3795 644 259
3796 650 254
3797 656 255
3798 663 258
3799 669 265
3800 676 261
3801 678 267
3802 672 272
3803 678 275
3804 683 280
3805 686 285
3806 687 292
3807 686 299
3808 691 303
3809 698 305
3810 705 304
3811 711 306
3812 707 312
3813 701 312
3814 701 318
3815 701 324
3816 707 326
3817 708 319
3818 714 323
3819 714 315
3820 718 309
3821 716 301
3822 711 298
3823 704 295
3824 698 298
3825 693 295
3826 698 290
3827 693 286
3828 691 279
3829 699 281
3830 704 287
3831 711 290
3832 720 293
3833 723 302
3834 730 304
3835 728 297
3836 728 289
3837 723 284
3838 716 286
3839 708 281
3840 710 274
3841 703 273
3842 696 274
3843 690 269
3844 686 274
3845 684 267
3846 684 261
3847 691 261
3848 696 266
3849 699 259
3850 694 254
3851 687 254
3852 688 246
3853 694 246
3854 701 245
3855 709 250
3856 715 256
3857 707 258
3858 701 252
3859 703 265
3860 709 267
3861 714 263
3862 716 270
3863 716 278
3864 724 276
3865 723 269
3866 722 261
3867 724 253
3868 730 258
3869 729 265
3870 732 272
3871 732 280
3872 736 286
3873 743 289
3874 737 294
3875 736 300
3876 741 305
3877 748 307
3878 745 298
3879 752 292
3880 761 294
3881 754 300
3882 761 303
3883 772 306
3884 768 299
3885 771 292
3886 777 299
3887 780 293
3888 784 284
3889 788 277
3890 782 277
3891 777 285
3892 770 283
3893 764 286
3894 774 277
3895 771 271
3896 779 269
3897 774 265
3898 768 264
3899 762 262
3900 759 256
3901 762 251
3902 760 245
3903 753 243
3904 747 247
3905 744 253
3906 752 253
3907 754 261
3908 746 261
3909 748 268
3910 756 269
3911 763 270
3912 766 277
3913 758 278
3914 756 285
3915 749 284
3916 749 276
3917 741 279
3918 740 271
3919 737 265
3920 738 258
3921 734 252
3922 730 247
3923 722 245
3924 717 249
3925 714 243
3926 708 242
3927 703 237
3928 696 238
3929 695 230
3930 703 229
3931 711 234
3932 719 237
3933 724 233
3934 731 232
3935 727 239
3936 735 240
3937 739 246
3938 744 239
3939 739 232
3940 747 229
3941 754 226
3942 752 235
3943 759 237
3944 761 230
3945 765 223
3946 770 217
3947 776 211
3948 780 218
3949 774 224
3950 769 230
3951 767 238
3952 768 246
3953 768 254
3954 772 258
3955 780 260
3956 787 261
3957 786 253
3958 778 253
3959 776 246
3960 775 239
3961 777 232
3962 782 227
3963 788 222
3964 788 214
3965 784 210
3966 780 204
3967 773 203
3968 768 209
3969 762 213
3970 758 219
3971 754 212
3972 753 204
3973 761 204
3974 766 199
3975 761 195
3976 753 196
3977 745 196
3978 745 204
3979 745 211
3980 748 219
3981 742 223
3982 738 216
3983 734 224
3984 728 218
3985 725 225
3986 718 228
3987 711 226
3988 707 220
3989 703 213
3990 708 205
3991 700 204
3992 704 197
3993 709 191
3994 710 184
3995 717 182
3996 724 180
3997 724 188
3998 717 190
3999 713 198
4000 718 204
4001 722 197
4002 728 203
4003 713 213
4004 718 219
4005 722 211
4006 730 211
4007 737 207
4008 736 199
4009 731 193
4010 739 191
4011 747 188
4012 756 188
4013 752 181
4014 745 179
4015 738 183
4016 731 183
4017 731 174
4018 723 173
4019 716 174
4020 710 176
4021 707 169
4022 703 174
4023 696 175
4024 689 173
4025 689 180
4026 696 182
4027 703 181
4028 701 188
4029 697 194
4030 693 188
4031 685 187
4032 688 194
4033 681 194
4034 674 196
4035 674 190
4036 678 184
4037 675 177
4038 683 179
4039 682 173
4040 686 168
4041 692 163
4042 694 168
4043 701 167
4044 707 163
4045 713 168
4046 720 167
4047 722 160
4048 715 161
4049 710 157
4050 703 156
4051 700 151
4052 699 161
4053 695 156
4054 694 149
4055 687 151
4056 689 156
4057 686 162
4058 680 163
4059 676 169
4060 669 169
4061 663 174
4062 669 177
4063 670 183
4064 661 182
4065 666 189
4066 660 190
4067 653 186
4068 646 175
4069 639 175
4070 640 182
4071 647 182
4072 645 188
4073 640 193
4074 636 188
4075 628 198
4076 622 202
4077 624 209
4078 619 214
4079 626 218
4080 630 212
4081 636 216
4082 644 216
4083 641 223
4084 633 223
4085 637 230
4086 645 230
4087 653 230
4088 649 222
4089 656 219
4090 663 215
4091 665 224
4092 659 227
4093 665 234
4094 672 229
4095 672 219
4096 670 211
4097 664 206
4098 657 208
4099 651 212
4100 651 202
4101 644 208
4102 637 208
4103 630 204
4104 634 197
4105 641 201
4106 646 196
4107 653 194
4108 659 199
4109 666 197
4110 671 203
4111 678 203
4112 685 202
4113 692 200
4114 692 207
4115 695 213
4116 697 222
4117 689 219
4118 685 210
4119 677 210
4120 680 216
4121 680 224
4122 680 232
4123 687 228
4124 688 238
4125 680 241
4126 673 237
4127 668 243
4128 674 247
4129 681 249
4130 678 255
4131 671 257
4132 668 251
4133 661 250
4134 660 242
4135 657 236
4136 649 238
4137 653 246
4138 645 244
4139 641 238
4140 633 238
4141 626 236
4142 629 230
4143 625 225
4144 619 222
4145 612 219
4146 611 213
4147 605 221
4148 603 212
4149 596 216
4150 589 218
4151 590 225
4152 597 224
4153 596 232
4154 603 236
4155 605 229
4156 612 227
4157 619 231
4158 612 236
4159 619 240
4160 620 248
4161 613 244
4162 606 243
4163 602 250
4164 610 251
4165 614 258
4166 621 256
4167 628 252
4168 628 244
4169 636 246
4170 642 251
4171 636 255
4172 636 262
4173 628 262
4174 626 271
4175 619 266
4176 619 276
4177 612 272
4178 610 265
4179 604 268
4180 604 258
4181 598 263
4182 592 266
4183 586 260
4184 587 253
4185 595 256
4186 593 249
4187 596 241
4188 589 235
4189 588 243
4190 582 247
4191 577 253
4192 569 252
4193 566 245
4194 574 245
4195 580 239
4196 572 238
4197 563 237
4198 560 230
4199 568 230
4200 564 222
4201 563 215
4202 561 207
4203 569 208
4204 568 201
4205 561 199
4206 554 199
4207 551 194
4208 550 188
4209 546 183
4210 540 185
4211 542 191
4212 544 198
4213 547 204
4214 553 207
4215 555 214
4216 556 222
4217 549 220
4218 547 212
4219 540 209
4220 539 203
4221 532 205
4222 534 214
4223 527 211
4224 522 216
4225 527 220
4226 533 222
4227 541 216
4228 539 222
4229 544 226
4230 551 228
4231 545 234
4232 554 235
4233 556 243
4234 548 242
4235 542 248
4236 534 246
4237 539 240
4238 531 238
4239 536 231
4240 529 229
4241 523 234
4242 521 225
4243 515 219
4244 513 226
4245 505 228
4246 507 220
4247 503 213
4248 508 206
4249 511 212
4250 518 209
4251 516 202
4252 524 204
4253 529 198
4254 536 197
4255 534 190
4256 526 191
4257 521 196
4258 520 187
4259 520 179
4260 512 179
4261 508 174
4262 501 176
4263 505 182
4264 505 190
4265 512 186
4266 514 193
4267 509 198
4268 502 200
4269 498 206
4270 493 199
4271 489 206
4272 485 214
4273 493 214
4274 499 221
4275 497 229
4276 489 230
4277 487 237
4278 495 237
4279 503 238
4280 510 235
4281 516 232
4282 509 244
4283 502 247
4284 493 245
4285 484 245
4286 480 252
4287 476 246
4288 478 239
4289 481 230
4290 490 222
4291 482 221
4292 475 224
4293 476 214
4294 480 206
4295 484 199
4296 482 191
4297 474 191
4298 474 199
4299 472 207
4300 466 211
4301 468 219
4302 468 227
4303 473 233
4304 466 236
4305 469 243
4306 461 243
4307 464 250
4308 472 253
4309 477 260
4310 477 268
4311 470 266
4312 468 272
4313 474 276
4314 478 283
4315 478 291
4316 485 297
4317 487 288
4318 496 293
4319 495 284
4320 502 277
4321 495 276
4322 488 278
4323 482 277
4324 485 268
4325 493 268
4326 489 261
4327 488 252
4328 495 253
4329 502 257
4330 511 253
4331 518 250
4332 516 241
4333 523 242
4334 527 248
4335 526 255
4336 535 254
4337 535 261
4338 535 268
4339 526 266
4340 519 269
4341 518 261
4342 510 263
4343 502 268
4344 510 272
4345 510 278
4346 509 285
4347 503 287
4348 507 292
4349 514 297
4350 514 304
4351 511 309
4352 503 310
4353 506 301
4354 499 303
4355 492 301
4356 492 308
4357 486 305
4358 480 305
4359 475 301
4360 474 308
4361 471 314
4362 480 326
4363 482 333
4364 485 329
4365 485 323
4366 480 320
4367 483 316
4368 494 317
4369 495 326
4370 495 334
4371 492 341
4372 498 343
4373 495 348
4374 501 349
4375 502 355
4376 496 355
4377 500 362
4378 493 361
4379 487 360
4380 489 354
4381 489 348
4382 485 343
4383 479 345
4384 475 342
4385 471 347
4386 476 352
4387 482 351
4388 481 359
4389 474 360
4390 467 361
4391 460 362
4392 461 356
4393 469 354
4394 464 350
4395 465 343
4396 469 340
4397 471 335
4398 471 327
4399 463 329
4400 460 333
4401 456 329
4402 456 322
4403 460 325
4404 462 321
4405 459 316
4406 447 315
4407 446 325
4408 447 335
4409 443 344
4410 451 343
4411 458 344
4412 456 350
4413 451 351
4414 445 351
4415 439 351
4416 435 346
4417 436 340
4418 431 336
4419 429 341
4420 426 347
4421 430 352
4422 427 358
4423 434 358
4424 431 365
4425 437 364
4426 441 358
4427 447 359
4428 454 358
4429 452 365
4430 445 366
4431 440 370
4432 434 372
4433 429 377
4434 426 370
4435 423 364
4436 419 359
4437 421 352
4438 416 347
4439 421 341
4440 426 331
4441 416 327
4442 406 330
4443 407 341
4444 408 348
4445 401 351
4446 397 345
4447 391 351
4448 396 357
4449 398 366
4450 394 371
4451 402 373
4452 405 364
4453 406 357
4454 413 355
4455 413 363
4456 418 369
4457 422 375
4458 422 383
4459 416 381
4460 415 375
4461 409 370
4462 408 377
4463 403 382
4464 396 379
4465 397 386
4466 393 392
4467 399 393
4468 405 389
4469 410 385
4470 404 397
4471 407 402
4472 411 394
4473 416 389
4474 446 398
4475 452 391
4476 456 395
4477 463 389
4478 472 387
4479 481 384
4480 481 390
4481 491 387
4482 497 392
4483 501 388
4484 507 393
4485 513 396
4486 521 399
4487 518 403
4488 524 407
4489 530 410
4490 528 414
4491 534 416
4492 532 422
4493 537 423
4494 535 428
4495 540 430
4496 536 435
4497 541 438
4498 537 441
4499 542 445
4500 537 449
4501 541 454
4502 536 457
4503 538 463
4504 534 469
4505 531 476
4506 527 482
4507 521 488
4508 515 493
4509 507 498
4510 502 529
4511 493 531
4512 484 531
4513 488 538
4514 492 544
4515 482 544
4516 479 538
4517 475 531
4518 467 530
4519 470 536
4520 472 543
4521 475 549
4522 480 553
4523 487 551
4524 490 557
4525 483 559
4526 490 564
4527 496 568
4528 509 566
4529 514 564
4530 515 558
4531 520 554
4532 521 547
4533 520 539
4534 514 542
4535 513 550
4536 507 545
4537 504 552
4538 508 558
4539 503 563
4540 498 559
4541 496 552
4542 499 545
4543 496 537
4544 504 537
4545 511 535
4546 511 527
4547 519 531
4548 519 523
4549 526 518
4550 528 527
4551 527 535
4552 534 532
4553 541 536
4554 549 535
4555 556 533
4556 562 531
4557 569 530
4558 574 534
4559 580 533
4560 577 526
4561 571 523
4562 564 524
4563 557 523
4564 561 516
4565 559 509
4566 556 502
4567 550 508
4568 552 516
4569 548 523
4570 551 528
4571 544 529
4572 538 525
4573 534 520
4574 534 512
4575 542 518
4576 542 512
4577 543 504
4578 549 498
4579 555 489
4580 560 495
4581 565 502
4582 567 509
4583 569 516
4584 577 518
4585 575 510
4586 574 502
4587 569 494
4588 577 494
4589 579 482
4590 573 486
4591 565 486
4592 559 481
4593 569 478
4594 563 473
4595 564 465
4596 567 450
4597 567 458
4598 572 467
4599 577 473
4600 586 476
4601 588 483
4602 595 488
4603 598 495
4604 591 495
4605 585 490
4606 584 498
4607 583 505
4608 583 512
4609 585 518
4610 591 513
4611 595 519
4612 591 524
4613 583 525
4614 587 531
4615 595 539
4616 588 538
4617 580 539
4618 579 545
4619 574 549
4620 571 554
4621 570 560
4622 574 564
4623 580 567
4624 580 573
4625 582 579
4626 576 579
4627 579 586
4628 573 585
4629 569 591
4630 575 594
4631 581 593
4632 586 589
4633 586 583
4634 592 586
4635 593 579
4636 598 575
4637 593 571
4638 587 575
4639 587 568
4640 580 561
4641 578 556
4642 582 551
4643 586 545
4644 592 545
4645 596 550
4646 588 552
4647 586 560
4648 592 557
4649 594 563
4650 600 568
4651 602 562
4652 608 558
4653 600 556
4654 605 551
4655 612 552
4656 619 550
4657 625 551
4658 631 555
4659 634 561
4660 631 568
4661 624 570
4662 620 565
4663 626 562
4664 621 557
4665 615 559
4666 613 566
4667 607 566
4668 606 572
4669 605 578
4670 599 583
4671 599 589
4672 593 593
4673 599 597
4674 606 586
4675 605 593
4676 605 602
4677 609 610
4678 602 610
4679 597 605
4680 592 601
4681 586 597
4682 580 600
4683 574 602
4684 568 598
4685 562 593
4686 560 600
4687 554 600
4688 554 593
4689 547 595
4690 541 599
4691 541 606
4692 537 611
4693 531 614
4694 526 610
4695 520 609
4696 520 615
4697 512 612
4698 506 614
4699 506 621
4700 514 628
4701 507 628
4702 499 626
4703 492 627
4704 491 620
4705 498 618
4706 491 612
4707 483 607
4708 478 601
4709 479 593
4710 486 589
4711 487 598
4712 491 605
4713 498 610
4714 505 606
4715 504 599
4716 497 600
4717 501 592
4718 493 593
4719 495 585
4720 502 585
4721 508 588
4722 509 594
4723 511 600
4724 515 604
4725 519 598
4726 525 603
4727 533 604
4728 534 597
4729 539 591
4730 544 586
4731 551 587
4732 555 582
4733 559 587
4734 565 586
4735 567 581
4736 561 580
4737 555 575
4738 560 572
4739 566 574
4740 571 576
4741 573 570
4742 566 567
4743 561 563
4744 557 567
4745 552 569
4746 548 574
4747 549 580
4748 542 579
4749 541 572
4750 545 567
4751 539 563
4752 534 558
4753 539 554
4754 545 558
4755 549 563
4756 554 560
4757 558 555
4758 564 557
4759 564 551
4760 567 545
4761 573 542
4762 567 537
4763 561 540
4764 555 540
4765 558 547
4766 552 547
4767 551 554
4768 545 550
4769 547 542
4770 541 544
4771 536 548
4772 534 540
4773 528 543
4774 529 551
4775 526 557
4776 522 562
4777 518 570
4778 523 575
4779 526 569
4780 530 564
4781 534 569
4782 536 577
4783 535 584
4784 531 590
4785 526 596
4786 527 583
4787 530 577
4788 521 582
4789 522 589
4790 516 592
4791 514 585
4792 509 580
4793 515 577
4794 510 573
4795 503 571
4796 502 578
4797 495 576
4798 489 572
4799 488 580
4800 481 575
4801 482 567
4802 476 562
4803 471 556
4804 467 549
4805 460 548
4806 453 547
4807 456 541
4808 464 542
4809 462 536
4810 459 529
4811 453 534
4812 451 526
4813 445 529
4814 445 535
4815 448 540
4816 445 546
4817 441 552
4818 435 549
4819 431 541
4820 439 542
4821 438 535
4822 431 533
4823 424 534
4824 422 542
4825 416 546
4826 408 547
4827 411 540
4828 416 534
4829 419 526
4830 410 524
4831 407 532
4832 399 532
4833 401 524
4834 395 518
4835 393 525
4836 386 521
4837 384 529
4838 379 536
4839 371 536
4840 375 544
4841 381 550
4842 383 544
4843 387 539
4844 391 533
4845 395 540
4846 403 540
4847 399 546
4848 390 547
4849 387 554
4850 382 558
4851 375 562
4852 370 566
4853 376 570
4854 381 566
4855 386 571
4856 387 579
4857 394 579
4858 393 571
4859 396 566
4860 388 564
4861 392 559
4862 395 553
4863 399 559
4864 403 553
4865 407 558
4866 413 554
4867 421 552
4868 428 550
4869 435 557
4870 435 565
4871 439 571
4872 443 566
4873 443 559
4874 448 552
4875 451 557
4876 457 555
4877 463 557
4878 468 563
4879 459 565
4880 451 563
4881 452 569
4882 447 574
4883 442 580
4884 436 577
4885 429 579
4886 431 572
4887 426 566
4888 427 558
4889 420 560
4890 412 563
4891 410 570
4892 404 565
4893 403 571
4894 400 575
4895 401 581
4896 396 586
4897 396 592
4898 389 594
4899 390 586
4900 383 587
4901 378 584
4902 381 577
4903 373 577
4904 366 573
4905 364 581
4906 370 584
4907 365 589
4908 360 593
4909 352 593
4910 347 598
4911 356 600
4912 368 597
4913 365 603
4914 367 611
4915 374 611
4916 381 615
4917 386 610
4918 380 607
4919 373 603
4920 373 592
4921 379 595
4922 383 600
4923 390 603
4924 396 599
4925 397 606
4926 393 611
4927 389 617
4928 384 622
4929 391 624
4930 397 624
4931 397 618
4932 405 616
4933 401 612
4934 405 607
4935 410 610
4936 413 604
4937 412 596
4938 405 600
4939 403 594
4940 404 587
4941 410 589
4942 413 583
4943 408 578
4944 415 576
4945 418 569
4946 423 574
4947 420 582
4948 426 585
4949 424 592
4950 418 590
4951 420 598
4952 423 605
4953 418 610
4954 422 616
4955 427 611
4956 431 605
4957 429 598
4958 432 591
4959 434 584
4960 438 594
4961 440 588
4962 447 587
4963 453 590
4964 459 584
4965 452 580
4966 458 574
4967 464 578
4968 466 571
4969 474 570
4970 473 579
4971 480 583
4972 474 587
4973 467 586
4974 461 592
4975 469 594
4976 470 602
4977 462 601
4978 455 598
4979 454 606
4980 447 603
4981 446 595
4982 438 600
4983 439 607
4984 435 612
4985 430 619
4986 428 629
4987 429 636
4988 422 636
4989 415 636
4990 408 636
4991 407 630
4992 413 629
4993 420 629
4994 424 623
4995 417 622
4996 413 616
4997 410 623
4998 404 623
4999 401 630
5000 401 636
5001 394 636
5002 394 630
5003 388 630
5004 388 636
5005 382 636
5006 376 635
5007 369 635
5008 363 635
5009 356 635
5010 350 636
5011 342 635
5012 336 635
5013 330 636
5014 329 631
5015 323 631
5016 323 637
5017 315 636
5018 310 630
5019 308 623
5020 302 621
5021 295 620
5022 289 621
5023 279 626
5024 285 628
5025 293 628
5026 301 628
5027 305 636
5028 297 636
5029 288 635
5030 279 635
5031 271 636
5032 273 629
5033 272 621
5034 277 617
5035 283 619
5036 289 613
5037 294 610
5038 296 602
5039 300 607
5040 301 614
5041 307 608
5042 309 615
5043 315 609
5044 312 603
5045 319 600
5046 319 592
5047 314 588
5048 310 583
5049 315 578
5050 307 577
5051 303 583
5052 306 589
5053 311 595
5054 304 601
5055 302 595
5056 298 589
5057 296 581
5058 291 585
5059 290 591
5060 294 596
5061 289 605
5062 287 598
5063 284 591
5064 284 584
5065 289 578
5066 282 577
5067 276 581
5068 276 574
5069 273 569
5070 280 567
5071 285 571
5072 287 564
5073 291 570
5074 295 575
5075 301 576
5076 304 571
5077 298 569
5078 294 563
5079 290 557
5080 301 563
5081 306 559
5082 307 565
5083 313 565
5084 312 571
5085 319 570
5086 323 576
5087 321 583
5088 326 588
5089 327 596
5090 334 599
5091 327 604
5092 322 608
5093 322 615
5094 315 617
5095 315 623
5096 317 629
5097 323 623
5098 329 625
5099 336 628
5100 342 626
5101 347 630
5102 353 628
5103 360 628
5104 367 627
5105 373 628
5106 381 629
5107 377 622
5108 371 619
5109 364 620
5110 356 621
5111 359 614
5112 358 608
5113 351 606
5114 345 610
5115 351 614
5116 348 622
5117 343 618
5118 336 620
5119 330 618
5120 330 612
5121 334 606
5122 338 612
5123 341 603
5124 341 593
5125 333 591
5126 338 584
5127 347 587
5128 356 585
5129 351 579
5130 358 576
5131 356 569
5132 362 565
5133 356 561
5134 361 556
5135 368 558
5136 375 554
5137 368 550
5138 368 544
5139 364 539
5140 357 540
5141 352 545
5142 345 540
5143 351 534
5144 353 527
5145 361 532
5146 362 524
5147 368 528
5148 376 528
5149 378 521
5150 371 519
5151 379 513
5152 387 513
5153 388 506
5154 397 509
5155 395 500
5156 404 503
5157 404 516
5158 411 510
5159 415 517
5160 422 519
5161 428 525
5162 437 527
5163 443 522
5164 435 519
5165 428 514
5166 421 509
5167 415 502
5168 409 495
5169 400 493
5170 404 485
5171 412 486
5172 415 479
5173 419 472
5174 420 464
5175 427 465
5176 429 473
5177 432 479
5178 435 487
5179 439 484
5180 443 491
5181 449 495
5182 457 499
5183 464 502
5184 473 504
5185 481 504
5186 490 504
5187 499 501
5188 502 483
5189 509 478
5190 515 472
5191 519 465
5192 522 458
5193 524 450
5194 524 442
5195 523 434
5196 521 426
5197 514 419
5198 509 412
5199 504 418
5200 497 412
5201 502 407
5202 494 404
5203 486 401
5204 484 405
5205 477 403
5206 469 404
5207 462 407
5208 455 411
5209 448 416
5210 454 420
5211 464 420
5212 471 425
5213 480 429
5214 479 419
5215 491 419
5216 492 427
5217 503 427
5218 514 427
5219 515 437
5220 511 442
5221 506 436
5222 498 436
5223 490 436
5224 483 439
5225 487 445
5226 494 443
5227 496 450
5228 502 444
5229 508 448
5230 504 453
5231 500 459
5232 496 464
5233 493 457
5234 487 453
5235 486 461
5236 480 456
5237 479 463
5238 473 459
5239 473 451
5240 480 448
5241 476 442
5242 470 443
5243 470 434
5244 462 430
5245 454 430
5246 446 437
5247 454 440
5248 450 444
5249 454 450
5250 459 454
5251 459 446
5252 462 442
5253 465 449
5254 467 456
5255 462 460
5256 466 465
5257 482 469
5258 495 486
5259 488 488
5260 481 489
5261 474 488
5262 467 489
5263 466 483
5264 460 485
5265 458 479
5266 453 481
5267 452 474
5268 447 476
5269 445 469
5270 442 464
5271 440 458
5272 438 451
5273 438 444
5274 438 436
5275 440 429
5276 447 427
5277 443 422
5278 440 403
5279 435 409
5280 430 414
5281 430 421
5282 424 422
5283 426 429
5284 420 432
5285 424 438
5286 417 441
5287 416 450
5288 423 448
5289 424 456
5290 414 459
5291 411 468
5292 408 476
5293 378 476
5294 374 482
5295 368 488
5296 362 493
5297 355 497
5298 345 484
5299 336 487
5300 327 485
5301 327 493
5302 317 487
5303 307 483
5304 299 477
5305 293 470
5306 288 462
5307 295 456
5308 300 448
5309 306 442
5310 313 443
5311 311 450
5312 311 458
5313 304 460
5314 310 468
5315 318 465
5316 319 472
5317 328 475
5318 336 471
5319 344 467
5320 328 465
5321 321 457
5322 322 450
5323 330 455
5324 336 461
5325 344 457
5326 350 462
5327 355 456
5328 363 457
5329 360 447
5330 359 437
5331 353 433
5332 348 426
5333 341 428
5334 341 421
5335 334 419
5336 328 417
5337 321 419
5338 314 420
5339 314 425
5340 320 427
5341 327 425
5342 333 427
5343 326 432
5344 331 435
5345 338 434
5346 346 434
5347 350 446
5348 342 443
5349 336 448
5350 330 443
5351 323 441
5352 319 435
5353 314 431
5354 309 435
5355 302 433
5356 307 426
5357 293 421
5358 298 415
5359 304 410
5360 310 406
5361 317 407
5362 319 402
5363 325 406
5364 327 401
5365 333 403
5366 339 407
5367 342 403
5368 347 408
5369 354 412
5370 359 417
5371 363 422
5372 366 428
5373 368 434
5374 377 436
5375 369 443
5376 371 451
5377 369 460
5378 364 467
5379 353 480
5380 359 474
5381 381 470
5382 386 464
5383 381 462
5384 378 456
5385 387 456
5386 383 450
5387 383 444
5388 390 447
5389 392 440
5390 386 437
5391 383 431
5392 388 428
5393 394 432
5394 391 423
5395 397 425
5396 400 417
5397 403 410
5398 400 404
5399 396 400
5400 392 406
5401 396 411
5402 394 417
5403 389 413
5404 385 420
5405 380 424
5406 378 415
5407 373 409
5408 368 403
5409 361 397
5410 354 393
5411 345 389
5412 337 387
5413 328 387
5414 319 387
5415 310 386
5416 310 392
5417 301 392
5418 294 397
5419 287 402
5420 281 409
5421 276 416
5422 263 423
5423 264 415
5424 264 408
5425 263 401
5426 266 394
5427 261 391
5428 265 387
5429 261 380
5430 262 372
5431 267 376
5432 269 382
5433 274 379
5434 272 373
5435 268 367
5436 262 364
5437 253 360
5438 248 352
5439 248 343
5440 255 346
5441 257 353
5442 262 358
5443 270 356
5444 273 362
5445 276 367
5446 280 374
5447 287 370
5448 292 365
5449 282 368
5450 283 362
5451 278 357
5452 288 358
5453 295 358
5454 299 353
5455 304 357
5456 299 364
5457 305 363
5458 312 361
5459 311 355
5460 319 360
5461 317 354
5462 320 348
5463 324 343
5464 322 336
5465 316 336
5466 316 342
5467 312 348
5468 307 344
5469 305 350
5470 299 345
5471 292 351
5472 291 343
5473 284 345
5474 284 352
5475 277 350
5476 275 343
5477 280 338
5478 274 335
5479 270 347
5480 264 351
5481 262 345
5482 266 339
5483 255 337
5484 248 333
5485 239 330
5486 229 330
5487 226 320
5488 225 313
5489 223 307
5490 217 307
5491 211 305
5492 205 306
5493 203 313
5494 197 310
5495 192 305
5496 184 305
5497 183 299
5498 177 302
5499 174 307
5500 168 312
5501 174 316
5502 181 312
5503 189 311
5504 189 317
5505 183 321
5506 177 324
5507 191 325
5508 197 318
5509 201 327
5510 196 331
5511 190 334
5512 183 329
5513 176 332
5514 178 340
5515 184 338
5516 184 346
5517 193 343
5518 199 337
5519 203 343
5520 199 350
5521 191 351
5522 197 358
5523 201 366
5524 210 366
5525 207 358
5526 217 359
5527 216 350
5528 208 349
5529 213 341
5530 207 334
5531 209 326
5532 205 320
5533 211 314
5534 216 320
5535 216 330
5536 222 341
5537 234 342
5538 241 340
5539 241 348
5540 244 359
5541 237 355
5542 232 350
5543 225 349
5544 226 358
5545 234 363
5546 238 368
5547 234 373
5548 239 377
5549 234 381
5550 237 386
5551 239 392
5552 233 393
5553 238 399
5554 234 403
5555 239 407
5556 234 411
5557 239 416
5558 234 417
5559 234 422
5560 239 424
5561 234 428
5562 210 401
5563 210 392
5564 202 390
5565 201 398
5566 203 406
5567 193 404
5568 195 411
5569 194 418
5570 190 423
5571 195 429
5572 196 439
5573 203 443
5574 203 436
5575 203 430
5576 202 423
5577 203 415
5578 210 411
5579 210 420
5580 210 428
5581 210 438
5582 210 446
5583 210 454
5584 209 461
5585 209 468
5586 210 475
5587 207 483
5588 215 482
5589 219 488
5590 210 491
5591 210 500
5592 203 493
5593 195 498
5594 202 500
5595 204 507
5596 211 510
5597 217 513
5598 225 516
5599 222 521
5600 227 525
5601 232 520
5602 239 523
5603 239 530
5604 233 528
5605 227 533
5606 233 537
5607 237 543
5608 245 544
5609 249 538
5610 242 536
5611 246 527
5612 253 530
5613 256 538
5614 262 541
5615 260 532
5616 268 533
5617 272 525
5618 281 527
5619 279 533
5620 274 538
5621 269 543
5622 278 546
5623 282 540
5624 289 537
5625 289 531
5626 297 536
5627 297 544
5628 303 543
5629 307 538
5630 305 531
5631 300 527
5632 294 525
5633 287 522
5634 281 519
5635 274 516
5636 270 510
5637 265 519
5638 263 525
5639 262 512
5640 263 504
5641 266 498
5642 261 496
5643 239 496
5644 233 493
5645 226 491
5646 223 484
5647 232 485
5648 239 488
5649 237 479
5650 236 473
5651 236 466
5652 237 459
5653 236 453
5654 239 447
5655 233 445
5656 238 439
5657 234 436
5658 239 431
5659 263 440
5660 262 449
5661 269 445
5662 275 443
5663 283 444
5664 278 435
5665 271 434
5666 263 431
5667 272 424
5668 289 427
5669 286 434
5670 294 435
5671 294 442
5672 290 449
5673 283 455
5674 275 455
5675 269 453
5676 263 457
5677 263 464
5678 271 462
5679 275 468
5680 269 472
5681 262 471
5682 262 478
5683 266 483
5684 261 486
5685 266 490
5686 275 478
5687 279 475
5688 282 482
5689 284 488
5690 290 488
5691 291 494
5692 298 496
5693 305 500
5694 311 504
5695 315 501
5696 322 505
5697 330 504
5698 339 503
5699 347 501
5700 343 530
5701 337 537
5702 333 531
5703 322 531
5704 312 529
5705 314 535
5706 320 538
5707 328 537
5708 331 544
5709 323 545
5710 326 551
5711 334 552
5712 340 546
5713 346 550
5714 360 548
5715 353 553
5716 348 562
5717 342 557
5718 336 560
5719 328 559
5720 333 567
5721 341 567
5722 348 571
5723 343 577
5724 336 575
5725 330 581
5726 329 573
5727 325 567
5728 320 563
5729 321 556
5730 314 558
5731 316 550
5732 314 543
5733 309 547
5734 309 553
5735 302 551
5736 298 557
5737 294 551
5738 291 543
5739 286 548
5740 283 554
5741 282 560
5742 276 561
5743 276 554
5744 271 550
5745 269 556
5746 262 556
5747 263 549
5748 256 552
5749 254 545
5750 248 552
5751 255 560
5752 253 567
5753 245 577
5754 251 574
5755 258 576
5756 259 569
5757 263 563
5758 269 563
5759 267 569
5760 264 574
5761 270 577
5762 264 581
5763 269 586
5764 277 588
5765 279 596
5766 281 603
5767 282 611
5768 275 609
5769 273 602
5770 272 594
5771 265 592
5772 265 600
5773 257 605
5774 262 610
5775 268 607
5776 269 614
5777 263 619
5778 267 625
5779 265 631
5780 264 637
5781 258 635
5782 250 636
5783 253 630
5784 259 626
5785 257 619
5786 256 613
5787 250 609
5788 250 601
5789 257 599
5790 257 593
5791 250 592
5792 258 586
5793 253 582
5794 247 585
5795 242 590
5796 237 595
5797 243 598
5798 243 606
5799 242 614
5800 249 617
5801 251 623
5802 242 622
5803 246 629
5804 242 636
5805 232 635
5806 237 629
5807 234 623
5808 227 620
5809 227 628
5810 219 629
5811 222 636
5812 211 635
5813 199 635
5814 204 629
5815 200 622
5816 193 627
5817 188 635
5818 183 627
5819 186 620
5820 178 618
5821 170 614
5822 162 616
5823 162 608
5824 156 603
5825 150 597
5826 143 595
5827 150 589
5828 157 585
5829 157 593
5830 163 598
5831 169 595
5832 165 588
5833 169 581
5834 162 578
5835 155 574
5836 152 565
5837 145 561
5838 152 556
5839 160 560
5840 167 563
5841 160 568
5842 167 572
5843 177 575
5844 181 570
5845 174 568
5846 169 555
5847 168 547
5848 176 545
5849 178 552
5850 177 560
5851 184 563
5852 186 556
5853 186 548
5854 184 540
5855 177 537
5856 169 539
5857 160 552
5858 160 545
5859 162 538
5860 157 533
5861 156 526
5862 149 523
5863 142 522
5864 136 521
5865 129 519
5866 123 519
5867 117 520
5868 112 517
5869 106 512
5870 104 518
5871 104 525
5872 97 522
5873 91 526
5874 98 531
5875 106 533
5876 112 525
5877 120 527
5878 115 533
5879 119 539
5880 125 541
5881 126 533
5882 128 526
5883 134 529
5884 136 536
5885 133 541
5886 137 548
5887 143 544
5888 145 537
5889 142 530
5890 149 531
5891 153 540
5892 152 548
5893 145 552
5894 138 557
5895 131 561
5896 123 564
5897 119 570
5898 120 576
5899 122 583
5900 114 583
5901 105 585
5902 114 591
5903 108 594
5904 100 594
5905 95 589
5906 91 595
5907 88 584
5908 87 575
5909 95 573
5910 96 581
5911 103 576
5912 111 575
5913 106 569
5914 113 565
5915 106 559
5916 113 554
5917 118 558
5918 125 555
5919 132 553
5920 128 548
5921 120 549
5922 113 546
5923 109 540
5924 101 541
5925 99 549
5926 106 549
5927 99 566
5928 98 558
5929 92 552
5930 88 559
5931 91 566
5932 83 566
5933 79 559
5934 74 553
5935 84 551
5936 78 546
5937 72 546
5938 75 538
5939 84 541
5940 92 544
5941 93 537
5942 87 533
5943 83 523
5944 75 523
5945 68 523
5946 80 531
5947 73 530
5948 67 534
5949 61 537
5950 66 542
5951 59 544
5952 59 551
5953 54 556
5954 66 551
5955 69 560
5956 62 558
5957 59 564
5958 52 563
5959 47 567
5960 40 565
5961 33 562
5962 25 561
5963 30 555
5964 38 555
5965 45 559
5966 46 552
5967 41 546
5968 34 547
5969 36 540
5970 34 533
5971 31 527
5972 24 528
5973 18 528
5974 15 522
5975 18 516
5976 8 522
5977 2 522
5978 3 529
5979 11 531
5980 12 538
5981 3 536
5982 3 543
5983 3 549
5984 3 555
5985 3 561
5986 2 566
5987 2 572
5988 3 579
5989 11 580
5990 16 584
5991 22 583
5992 26 589
5993 19 591
5994 17 599
5995 11 595
5996 10 588
5997 3 585
5998 3 592
5999 3 599
6000 10 603
6001 16 609
6002 3 606
6003 3 612
6004 3 620
6005 4 628
6006 3 635
6007 11 635
6008 15 628
6009 10 622
6010 10 614
6011 18 619
6012 23 625
6013 30 627
6014 20 635
6015 27 635
6016 35 635
6017 43 635
6018 39 628
6019 45 624
6020 41 619
6021 45 614
6022 46 608
6023 39 605
6024 32 601
6025 30 608
6026 36 613
6027 35 621
6028 28 618
6029 23 612
6030 23 604
6031 25 597
6032 33 593
6033 40 596
6034 46 600
6035 47 591
6036 40 587
6037 33 586
6038 35 579
6039 29 581
6040 18 576
6041 13 572
6042 8 573
6043 9 565
6044 11 558
6045 9 551
6046 11 545
6047 16 551
6048 19 544
6049 20 536
6050 27 534
6051 28 540
6052 26 548
6053 22 554
6054 18 559
6055 15 565
6056 21 569
6057 26 575
6058 28 568
6059 34 571
6060 41 573
6061 42 580
6062 48 583
6063 54 587
6064 55 579
6065 48 575
6066 54 571
6067 62 574
6068 70 576
6069 66 568
6070 74 567
6071 78 573
6072 79 581
6073 84 591
6074 84 600
6075 77 605
6076 76 597
6077 76 589
6078 70 584
6079 62 582
6080 62 590
6081 69 594
6082 69 602
6083 62 606
6084 61 598
6085 54 595
6086 54 603
6087 53 610
6088 52 617
6089 52 624
6090 49 630
6091 50 636
6092 56 636
6093 57 629
6094 62 631
6095 64 636
6096 72 636
6097 69 630
6098 76 629
6099 72 623
6100 64 624
6101 58 621
6102 60 614
6103 66 617
6104 70 610
6105 74 616
6106 79 613
6107 85 610
6108 91 605
6109 97 602
6110 100 609
6111 94 613
6112 88 619
6113 96 621
6114 92 627
6115 80 621
6116 84 628
6117 80 636
6118 89 635
6119 97 635
6120 100 629
6121 104 623
6122 103 616
6123 111 617
6124 109 609
6125 105 602
6126 113 601
6127 119 598
6128 122 591
6129 129 586
6130 135 582
6131 135 574
6132 128 577
6133 129 569
6134 137 565
6135 142 569
6136 148 573
6137 150 581
6138 142 578
6139 143 586
6140 137 590
6141 136 598
6142 131 593
6143 127 599
6144 131 605
6145 123 606
6146 117 609
6147 120 615
6148 124 622
6149 117 622
6150 111 625
6151 109 631
6152 105 636
6153 115 636
6154 119 629
6155 123 636
6156 132 635
6157 141 636
6158 136 628
6159 128 629
6160 131 621
6161 127 613
6162 135 613
6163 139 605
6164 147 604
6165 145 613
6166 153 611
6167 154 619
6168 147 621
6169 139 620
6170 145 629
6171 151 635
6172 155 627
6173 164 625
6174 161 635
6175 169 634
6176 173 625
6177 178 635
6178 217 690
6179 218 700
6180 227 690
6181 236 689
6182 246 688
6183 256 690
6184 265 688
6185 249 697
6186 231 700
6187 241 704
6188 255 702
6189 264 699
6190 264 710
6191 262 723
6192 253 724
6193 253 714
6194 243 717
6195 243 727
6196 253 734
6197 253 743
6198 244 739
6199 233 717
6200 220 716
6201 217 727
6202 229 727
6203 230 738
6204 215 740
6205 223 744
6206 232 750
6207 239 745
6208 242 752
6209 251 756
6210 261 744
6211 263 737
6212 271 741
6213 281 740
6214 289 739
6215 296 743
6216 299 750
6217 305 751
6218 314 758
6219 303 758
6220 305 766
6221 299 767
6222 294 758
6223 286 758
6224 279 758
6225 272 767
6226 271 759
6227 271 751
6228 261 751
6229 257 756
6230 261 760
6231 262 767
6232 253 768
6233 245 764
6234 232 759
6235 225 752
6236 218 753
6237 216 763
6238 224 762
6239 230 767
6240 238 765
6241 244 801
6242 244 809
6243 244 816
6244 246 822
6245 243 828
6246 246 835
6247 244 842
6248 245 849
6249 251 856
6250 255 862
6251 244 858
6252 245 866
6253 245 874
6254 254 872
6255 254 881
6256 255 890
6257 247 892
6258 245 883
6259 239 890
6260 227 888
6261 228 880
6262 225 873
6263 228 866
6264 227 856
6265 227 844
6266 226 835
6267 226 827
6268 227 818
6269 226 809
6270 227 801
6271 217 803
6272 217 813
6273 218 822
6274 217 831
6275 218 840
6276 223 849
6277 216 849
6278 217 858
6279 222 863
6280 217 869
6281 217 878
6282 221 883
6283 217 889
6284 223 895
6285 216 899
6286 215 910
6287 219 917
6288 229 917
6289 225 911
6290 221 904
6291 232 906
6292 228 901
6293 232 894
6294 238 898
6295 240 906
6296 247 902
6297 247 912
6298 242 918
6299 244 927
6300 226 931
6301 223 937
6302 219 930
6303 213 927
6304 216 936
6305 211 943
6306 153 988
6307 159 985
6308 220 950
6309 220 943
6310 227 949
6311 228 943
6312 231 936
6313 235 940
6314 234 946
6315 234 952
6316 239 951
6317 243 955
6318 248 957
6319 254 958
6320 258 960
6321 256 951
6322 251 951
6323 245 948
6324 242 943
6325 240 935
6326 246 936
6327 250 943
6328 256 943
6329 254 936
6330 251 929
6331 249 921
6332 256 923
6333 255 915
6334 255 907
6335 255 899
6336 268 912
6337 276 914
6338 271 920
6339 259 932
6340 262 938
6341 268 934
6342 272 940
6343 276 934
6344 272 927
6345 279 922
6346 281 928
6347 284 935
6348 290 937
6349 288 929
6350 295 928
6351 296 938
6352 300 942
6353 300 949
6354 293 945
6355 286 943
6356 279 941
6357 279 947
6358 286 950
6359 293 953
6360 300 957
6361 307 959
6362 308 952
6363 307 945
6364 307 936
6365 309 927
6366 303 925
6367 297 919
6368 289 921
6369 291 913
6370 283 915
6371 285 907
6372 280 903
6373 282 896
6374 275 896
6375 278 886
6376 282 877
6377 275 873
6378 277 864
6379 282 866
6380 283 860
6381 281 855
6382 285 846
6383 284 831
6384 278 831
6385 278 837
6386 271 837
6387 271 843
6388 271 849
6389 267 855
6390 256 850
6391 254 842
6392 255 833
6393 251 828
6394 256 823
6395 252 816
6396 256 811
6397 250 807
6398 256 801
6399 267 823
6400 271 829
6401 273 822
6402 277 818
6403 282 815
6404 286 812
6405 291 809
6406 296 807
6407 301 805
6408 307 803
6409 312 802
6410 318 800
6411 311 809
6412 306 810
6413 301 813
6414 295 815
6415 289 818
6416 285 823
6417 279 825
6418 290 827
6419 295 823
6420 301 820
6421 307 817
6422 311 823
6423 314 816
6424 318 811
6425 316 806
6426 321 805
6427 325 801
6428 331 801
6429 336 802
6430 342 803
6431 348 803
6432 353 806
6433 359 807
6434 365 810
6435 365 818
6436 359 815
6437 352 813
6438 345 810
6439 338 810
6440 331 808
6441 325 809
6442 323 816
6443 330 815
6444 338 816
6445 345 818
6446 352 821
6447 359 822
6448 364 826
6449 369 832
6450 375 831
6451 379 827
6452 372 825
6453 373 819
6454 372 813
6455 381 812
6456 379 819
6457 383 823
6458 387 829
6459 389 834
6460 394 831
6461 394 840
6462 387 840
6463 382 835
6464 376 838
6465 380 843
6466 386 847
6467 385 854
6468 376 864
6469 372 857
6470 370 849
6471 364 853
6472 363 844
6473 357 841
6474 353 834
6475 347 838
6476 344 831
6477 338 834
6478 335 829
6479 328 831
6480 320 831
6481 312 833
6482 304 836
6483 297 839
6484 293 846
6485 288 853
6486 295 866
6487 304 865
6488 298 860
6489 303 855
6490 309 849
6491 313 854
6492 317 847
6493 324 847
6494 332 844
6495 332 849
6496 340 849
6497 347 852
6498 353 857
6499 356 863
6500 361 866
6501 353 876
6502 343 872
6503 337 876
6504 327 881
6505 321 873
6506 314 874
6507 317 881
6508 318 888
6509 308 887
6510 307 877
6511 301 875
6512 292 877
6513 290 887
6514 300 887
6515 296 897
6516 302 905
6517 310 912
6518 321 912
6519 320 917
6520 333 931
6521 332 917
6522 339 913
6523 346 911
6524 352 905
6525 358 898
6526 339 888
6527 345 883
6528 353 887
6529 362 889
6530 368 886
6531 363 880
6532 361 874
6533 368 874
6534 374 874
6535 380 877
6536 375 882
6537 379 886
6538 375 888
6539 378 896
6540 371 898
6541 375 903
6542 373 910
6543 367 907
6544 367 915
6545 361 914
6546 360 920
6547 355 925
6548 347 924
6549 340 930
6550 348 930
6551 365 934
6552 371 930
6553 375 925
6554 379 930
6555 377 935
6556 371 938
6557 365 942
6558 359 946
6559 357 939
6560 352 944
6561 344 943
6562 336 945
6563 332 953
6564 329 947
6565 322 938
6566 323 930
6567 316 929
6568 315 936
6569 314 944
6570 321 946
6571 324 953
6572 316 953
6573 315 960
6574 322 960
6575 329 960
6576 336 960
6577 340 953
6578 347 951
6579 344 959
6580 351 958
6581 356 953
6582 364 953
6583 368 948
6584 373 946
6585 377 942
6586 382 940
6587 385 935
6588 386 930
6589 392 935
6590 392 928
6591 388 923
6592 383 924
6593 380 919
6594 384 914
6595 390 916
6596 394 911
6597 398 917
6598 395 922
6599 415 926
6600 420 931
6601 424 937
6602 429 942
6603 435 938
6604 442 935
6605 448 938
6606 454 942
6607 461 944
6608 457 949
6609 447 946
6610 441 943
6611 435 947
6612 441 951
6613 447 954
6614 452 950
6615 454 957
6616 460 959
6617 466 961
6618 468 956
6619 472 961
6620 475 955
6621 478 960
6622 483 956
6623 482 962
6624 486 961
6625 491 961
6626 489 956
6627 489 951
6628 481 950
6629 476 947
6630 470 950
6631 462 952
6632 468 945
6633 485 946
6634 493 945
6635 501 943
6636 507 939
6637 505 947
6638 501 953
6639 497 949
6640 495 954
6641 497 960
6642 503 960
6643 507 956
6644 513 955
6645 511 949
6646 512 942
6647 516 935
6648 520 941
6649 517 947
6650 519 952
6651 524 948
6652 530 944
6653 526 938
6654 524 931
6655 529 926
6656 532 933
6657 535 940
6658 540 934
6659 538 927
6660 546 927
6661 543 920
6662 551 919
6663 547 912
6664 555 911
6665 551 903
6666 559 903
6667 560 896
6668 553 893
6669 546 889
6670 545 897
6671 542 905
6672 538 914
6673 534 920
6674 526 910
6675 520 914
6676 518 921
6677 514 918
6678 510 923
6679 504 927
6680 498 929
6681 494 933
6682 490 928
6683 486 933
6684 481 931
6685 475 934
6686 473 930
6687 467 933
6688 463 928
6689 456 929
6690 449 922
6691 455 923
6692 470 915
6693 477 909
6694 481 917
6695 486 908
6696 494 906
6697 492 915
6698 501 912
6699 502 904
6700 490 898
6701 474 900
6702 468 907
6703 460 910
6704 459 902
6705 452 903
6706 455 892
6707 447 894
6708 447 887
6709 446 881
6710 442 875
6711 449 867
6712 453 859
6713 458 853
6714 465 858
6715 460 865
6716 457 872
6717 467 874
6718 476 871
6719 471 865
6720 474 857
6721 481 861
6722 485 869
6723 494 866
6724 502 866
6725 499 859
6726 506 856
6727 512 859
6728 510 867
6729 516 867
6730 519 876
6731 516 884
6732 515 893
6733 509 889
6734 507 897
6735 510 903
6736 523 905
6737 529 903
6738 529 897
6739 531 890
6740 532 883
6741 533 875
6742 530 866
6743 527 858
6744 522 851
6745 516 844
6746 500 850
6747 489 860
6748 492 853
6749 490 846
6750 482 844
6751 483 852
6752 475 847
6753 466 848
6754 469 832
6755 461 834
6756 453 838
6757 448 844
6758 441 849
6759 437 856
6760 434 862
6761 431 870
6762 430 877
6763 430 885
6764 430 893
6765 434 898
6766 436 905
6767 439 911
6768 444 916
6769 437 930
6770 429 931
6771 431 924
6772 424 921
6773 422 914
6774 402 911
6775 398 905
6776 401 900
6777 406 904
6778 407 898
6779 409 892
6780 408 887
6781 402 886
6782 401 892
6783 395 897
6784 391 904
6785 387 908
6786 389 898
6787 391 892
6788 395 888
6789 396 881
6790 399 875
6791 393 870
6792 400 866
6793 404 859
6794 403 852
6795 404 845
6796 411 842
6797 416 847
6798 409 850
6799 412 855
6800 411 861
6801 407 866
6802 405 872
6803 404 879
6804 411 881
6805 411 875
6806 413 869
6807 418 865
6808 418 859
6809 420 853
6810 424 849
6811 430 845
6812 422 842
6813 417 838
6814 410 833
6815 417 829
6816 423 833
6817 428 838
6818 434 835
6819 438 830
6820 430 828
6821 423 825
6822 430 819
6823 436 823
6824 437 814
6825 445 809
6826 454 806
6827 463 803
6828 471 801
6829 480 800
6830 480 807
6831 471 809
6832 468 816
6833 461 812
6834 452 814
6835 444 818
6836 444 826
6837 451 822
6838 459 820
6839 478 830
6840 486 830
6841 494 832
6842 501 834
6843 509 838
6844 512 820
6845 519 826
6846 527 827
6847 526 835
6848 537 848
6849 545 847
6850 543 854
6851 544 861
6852 546 869
6853 546 879
6854 553 883
6855 561 887
6856 561 877
6857 553 874
6858 560 868
6859 553 864
6860 560 859
6861 553 855
6862 553 847
6863 550 840
6864 545 834
6865 541 840
6866 533 840
6867 535 832
6868 542 827
6869 535 823
6870 528 818
6871 521 814
6872 514 809
6873 506 805
6874 507 813
6875 501 819
6876 497 811
6877 489 816
6878 479 815
6879 488 808
6880 489 801
6881 497 802
6882 543 767
6883 537 759
6884 525 751
6885 523 758
6886 526 765
6887 518 765
6888 510 765
6889 502 763
6890 494 757
6891 488 766
6892 479 761
6893 478 748
6894 484 739
6895 493 747
6896 497 738
6897 510 743
6898 502 746
6899 504 754
6900 513 758
6901 514 751
6902 519 745
6903 521 737
6904 526 741
6905 535 748
6906 544 749
6907 547 757
6908 552 763
6909 562 764
6910 558 757
6911 565 746
6912 553 748
6913 551 738
6914 539 737
6915 529 732
6916 520 727
6917 533 722
6918 533 714
6919 543 712
6920 547 720
6921 542 728
6922 554 726
6923 561 728
6924 561 720
6925 554 714
6926 562 701
6927 557 695
6928 555 688
6929 549 686
6930 540 689
6931 550 703
6932 541 700
6933 532 703
6934 529 696
6935 530 688
6936 523 690
6937 522 702
6938 515 697
6939 516 688
6940 507 688
6941 505 694
6942 507 702
6943 497 689
6944 489 687
6945 481 690
6946 474 696
6947 480 702
6948 489 698
6949 497 701
6950 501 714
6951 513 713
6952 516 720
6953 510 726
6954 501 725
6955 491 726
6956 492 718
6957 488 710
6958 482 717
6959 478 725
6960 473 718
6961 468 712
6962 458 713
6963 461 724
6964 464 737
6965 456 741
6966 453 748
6967 469 745
6968 471 753
6969 469 760
6970 464 767
6971 456 766
6972 454 757
6973 443 766
6974 440 761
6975 429 769
6976 416 767
6977 420 760
6978 414 758
6979 409 762
6980 402 767
6981 387 766
6982 383 761
6983 385 755
6984 385 746
6985 390 745
6986 390 751
6987 390 760
6988 396 760
6989 402 759
6990 402 752
6991 397 747
6992 402 743
6993 411 738
6994 415 725
6995 403 735
6996 394 736
6997 387 737
6998 381 738
6999 374 738
7000 367 738
7001 363 744
7002 370 746
7003 378 744
7004 380 750
7005 374 751
7006 367 752
7007 371 758
7008 378 756
7009 376 763
7010 380 768
7011 370 767
7012 359 765
7013 365 761
7014 360 753
7015 351 757
7016 349 767
7017 338 767
7018 333 762
7019 327 768
7020 323 761
7021 323 754
7022 327 746
7023 336 736
7024 338 745
7025 333 754
7026 342 760
7027 342 752
7028 346 746
7029 354 745
7030 357 735
7031 357 724
7032 353 714
7033 341 716
7034 344 725
7035 329 722
7036 321 720
7037 322 729
7038 317 739
7039 310 744
7040 287 727
7041 295 725
7042 304 725
7043 313 728
7044 313 720
7045 312 713
7046 303 715
7047 295 714
7048 287 715
7049 276 724
7050 279 715
7051 284 702
7052 274 702
7053 274 694
7054 276 686
7055 285 690
7056 296 687
7057 293 695
7058 296 701
7059 302 704
7060 310 703
7061 311 695
7062 303 695
7063 305 687
7064 315 687
7065 322 693
7066 319 702
7067 326 701
7068 331 689
7069 343 689
7070 356 689
7071 337 697
7072 337 706
7073 346 702
7074 357 702
7075 369 699
7076 368 688
7077 380 690
7078 390 689
7079 399 689
7080 401 700
7081 392 699
7082 382 702
7083 395 712
7084 386 715
7085 375 713
7086 366 714
7087 368 725
7088 377 723
7089 387 725
7090 395 724
7091 403 724
7092 408 716
7093 411 706
7094 411 697
7095 407 691
7096 414 687
7097 425 689
7098 423 700
7099 430 711
7100 420 714
7101 426 721
7102 427 727
7103 427 738
7104 420 739
7105 417 746
7106 410 752
7107 424 752
7108 427 761
7109 433 757
7110 442 752
7111 442 741
7112 439 727
7113 448 723
7114 438 717
7115 446 712
7116 463 699
7117 468 688
7118 454 689
7119 453 700
7120 444 696
7121 437 700
7122 437 688
7123 437 635
7124 447 636
7125 443 628
7126 436 626
7127 438 619
7128 445 620
7129 445 612
7130 452 615
7131 452 623
7132 452 630
7133 457 636
7134 460 627
7135 460 619
7136 460 611
7137 467 609
7138 468 616
7139 468 623
7140 468 630
7141 465 636
7142 473 635
7143 476 628
7144 475 619
7145 475 611
7146 483 615
7147 483 623
7148 485 630
7149 481 636
7150 489 636
7151 496 635
7152 502 635
7153 510 635
7154 517 635
7155 524 635
7156 532 636
7157 534 629
7158 527 627
7159 521 627
7160 514 620
7161 525 619
7162 532 621
7163 539 619
7164 540 625
7165 545 629
7166 540 635
7167 549 636
7168 558 635
7169 552 630
7170 557 625
7171 555 617
7172 548 622
7173 544 614
7174 550 611
7175 548 604
7176 557 607
7177 562 613
7178 565 606
7179 572 609
7180 570 616
7181 572 623
7182 563 621
7183 565 628
7184 567 635
7185 574 629
7186 576 636
7187 583 630
7188 585 636
7189 593 634
7190 600 635
7191 610 636
7192 606 630
7193 600 627
7194 595 622
7195 589 626
7196 581 623
7197 586 617
7198 578 616
7199 580 609
7200 586 605
7201 591 610
7202 595 615
7203 603 618
7204 609 623
7205 612 617
7206 617 622
7207 614 629
7208 618 635
7209 626 635
7210 636 635
7211 645 635
7212 653 635
7213 661 635
7214 665 629
7215 671 635
7216 673 627
7217 680 629
7218 681 636
7219 688 628
7220 691 621
7221 693 614
7222 700 618
7223 698 626
7224 691 635
7225 698 634
7226 705 635
7227 715 636
7228 722 634
7229 729 635
7230 736 635
7231 743 635
7232 749 635
7233 755 636
7234 761 636
7235 754 629
7236 747 627
7237 740 627
7238 733 627
7239 724 625
7240 716 626
7241 710 630
7242 707 624
7243 709 616
7244 708 608
7245 716 610
7246 717 618
7247 724 614
7248 730 619
7249 738 619
7250 745 619
7251 752 621
7252 750 613
7253 742 611
7254 747 605
7255 746 597
7256 740 601
7257 735 605
7258 733 612
7259 728 606
7260 721 604
7261 720 597
7262 730 598
7263 726 591
7264 733 585
7265 737 592
7266 746 589
7267 741 583
7268 743 576
7269 736 575
7270 729 577
7271 723 584
7272 715 583
7273 716 590
7274 713 601
7275 709 594
7276 706 587
7277 700 592
7278 696 599
7279 704 601
7280 700 609
7281 693 606
7282 685 606
7283 685 614
7284 682 621
7285 675 619
7286 670 614
7287 667 622
7288 661 618
7289 657 626
7290 649 627
7291 641 628
7292 637 622
7293 631 628
7294 623 627
7295 629 620
7296 622 616
7297 629 612
7298 637 614
7299 646 611
7300 644 619
7301 652 618
7302 656 612
7303 652 607
7304 646 603
7305 639 605
7306 632 604
7307 626 598
7308 618 598
7309 623 606
7310 617 610
7311 613 604
7312 611 597
7313 613 590
7314 621 591
7315 619 584
7316 612 582
7317 612 576
7318 617 572
7319 621 577
7320 629 576
7321 626 583
7322 629 590
7323 634 596
7324 642 597
7325 648 591
7326 652 597
7327 660 596
7328 658 604
7329 664 609
7330 678 611
7331 673 605
7332 666 601
7333 673 596
7334 680 599
7335 688 599
7336 692 592
7337 684 591
7338 676 589
7339 679 582
7340 686 583
7341 694 584
7342 700 580
7343 707 579
7344 713 575
7345 715 567
7346 707 571
7347 707 563
7348 713 559
7349 720 561
7350 723 568
7351 721 576
7352 731 569
7353 729 561
7354 726 554
7355 729 548
7356 735 554
7357 737 562
7358 741 568
7359 748 571
7360 751 564
7361 758 560
7362 761 566
7363 766 559
7364 769 568
7365 772 575
7366 779 575
7367 777 568
7368 773 561
7369 776 556
7370 781 561
7371 784 569
7372 787 575
7373 782 582
7374 775 583
7375 767 581
7376 764 574
7377 759 580
7378 756 573
7379 750 580
7380 754 586
7381 754 593
7382 761 589
7383 769 588
7384 774 593
7385 781 590
7386 787 588
7387 787 596
7388 771 600
7389 766 595
7390 760 599
7391 753 601
7392 757 608
7393 766 606
7394 764 613
7395 758 617
7396 759 624
7397 763 629
7398 771 628
7399 769 636
7400 776 635
7401 783 635
7402 779 628
7403 766 621
7404 772 614
7405 774 621
7406 781 619
7407 779 612
7408 775 606
7409 779 599
7410 785 605
7411 787 612
7412 788 619
7413 786 625
7414 788 630
7415 790 636
7416 795 636
7417 795 630
7418 794 623
7419 795 616
7420 794 609
7421 793 603
7422 795 596
7423 794 590
7424 795 584
7425 789 581
7426 795 576
7427 794 569
7428 788 564
7429 795 561
7430 795 553
7431 789 556
7432 783 553
7433 782 545
7434 776 549
7435 772 544
7436 769 552
7437 759 552
7438 763 547
7439 765 541
7440 761 536
7441 756 542
7442 746 540
7443 750 547
7444 751 555
7445 744 559
7446 743 550
7447 737 545
7448 738 537
7449 739 529
7450 746 531
7451 753 535
7452 758 530
7453 751 524
7454 751 516
7455 751 508
7456 751 502
7457 758 503
7458 759 510
7459 764 515
7460 758 518
7461 758 524
7462 764 523
7463 767 530
7464 770 536
7465 777 538
7466 783 537
7467 788 541
7468 789 548
7469 795 545
7470 795 538
7471 795 532
7472 795 526
7473 790 528
7474 788 533
7475 781 531
7476 775 530
7477 785 526
7478 781 522
7479 776 522
7480 771 524
7481 770 518
7482 776 514
7483 782 514
7484 786 518
7485 790 521
7486 795 520
7487 796 513
7488 790 513
7489 780 507
7490 774 504
7491 769 510
7492 766 504
7493 768 497
7494 774 497
7495 781 499
7496 787 502
7497 787 508
7498 794 506
